year,age_gr,regtyp,marstat,proportion,n,group_size,proportion_lower_confidence,proportion_upper_confidence
1985,17-29 y.,Urban regions,Married,0.22458,655,2304,0.20754,0.24163
1985,17-29 y.,Urban regions,"Married, living apart",0.01291,37,2304,0.00830,0.01752
1985,17-29 y.,Urban regions,Single,0.68275,1580,2304,0.66374,0.70175
1985,17-29 y.,Urban regions,Divorced,0.01698,32,2304,0.01170,0.02225
1985,17-29 y.,Rural regions,Married,0.20986,170,610,0.17752,0.24221
1985,17-29 y.,Rural regions,Single,0.72096,440,610,0.68534,0.75659
1985,30-45 y.,Urban regions,Married,0.71985,2140,2545,0.70240,0.73730
1985,30-45 y.,Urban regions,"Married, living apart",0.02323,65,2545,0.01737,0.02908
1985,30-45 y.,Urban regions,Single,0.12337,220,2545,0.11059,0.13615
1985,30-45 y.,Urban regions,Divorced,0.05933,120,2545,0.05015,0.06851
1985,30-45 y.,Rural regions,Married,0.77589,581,653,0.74388,0.80790
1985,30-45 y.,Rural regions,Single,0.06207,37,653,0.04355,0.08059
1985,30-45 y.,Rural regions,Divorced,0.06082,35,653,0.04248,0.07917
1985,46-65 y.,Urban regions,Married,0.71309,1980,2370,0.69488,0.73131
1985,46-65 y.,Urban regions,"Married, living apart",0.01843,52,2370,0.01301,0.02384
1985,46-65 y.,Urban regions,Single,0.04838,90,2370,0.03974,0.05702
1985,46-65 y.,Urban regions,Divorced,0.05438,105,2370,0.04524,0.06351
1985,46-65 y.,Urban regions,Widowed,0.07742,143,2370,0.06666,0.08818
1985,46-65 y.,Rural regions,Married,0.71724,526,584,0.68069,0.75380
1985,46-65 y.,Rural regions,Widowed,0.09342,58,584,0.06979,0.11704
1985,66 and older,Urban regions,Married,0.36246,348,706,0.32697,0.39794
1985,66 and older,Urban regions,Single,0.05560,42,706,0.03868,0.07251
1985,66 and older,Urban regions,Widowed,0.44778,316,706,0.41107,0.48448
1985,66 and older,Rural regions,Married,0.39334,130,228,0.32980,0.45689
1985,66 and older,Rural regions,Widowed,0.37103,98,228,0.30819,0.43388
1986,17-29 y.,Urban regions,Married,0.24941,664,2330,0.23184,0.26699
1986,17-29 y.,Urban regions,"Married, living apart",0.01115,40,2330,0.00689,0.01542
1986,17-29 y.,Urban regions,Single,0.71188,1626,2330,0.69349,0.73028
1986,17-29 y.,Rural regions,Married,0.22350,168,620,0.19068,0.25632
1986,17-29 y.,Rural regions,Single,0.74890,452,620,0.71474,0.78306
1986,30-45 y.,Urban regions,Married,0.74401,2087,2545,0.72705,0.76097
1986,30-45 y.,Urban regions,"Married, living apart",0.03716,91,2545,0.02981,0.04451
1986,30-45 y.,Urban regions,Single,0.13677,236,2545,0.12342,0.15012
1986,30-45 y.,Urban regions,Divorced,0.06609,131,2545,0.05644,0.07575
1986,30-45 y.,Rural regions,Married,0.83171,572,643,0.80277,0.86065
1986,30-45 y.,Rural regions,Single,0.06899,40,643,0.04938,0.08859
1986,30-45 y.,Rural regions,Divorced,0.05874,31,643,0.04055,0.07693
1986,46-65 y.,Urban regions,Married,0.77234,2108,2510,0.75593,0.78875
1986,46-65 y.,Urban regions,"Married, living apart",0.02226,66,2510,0.01648,0.02803
1986,46-65 y.,Urban regions,Single,0.04937,87,2510,0.04089,0.05785
1986,46-65 y.,Urban regions,Divorced,0.05890,109,2510,0.04969,0.06811
1986,46-65 y.,Urban regions,Widowed,0.07986,140,2510,0.06925,0.09047
1986,46-65 y.,Rural regions,Married,0.79662,558,614,0.76476,0.82849
1986,46-65 y.,Rural regions,Widowed,0.09414,56,614,0.07102,0.11725
1986,66 and older,Urban regions,Married,0.40786,370,721,0.37196,0.44376
1986,66 and older,Urban regions,Single,0.06686,46,721,0.04862,0.08511
1986,66 and older,Urban regions,Widowed,0.46777,305,721,0.43132,0.50421
1986,66 and older,Rural regions,Married,0.48764,148,241,0.42440,0.55088
1986,66 and older,Rural regions,Widowed,0.39062,93,241,0.32890,0.45235
1987,17-29 y.,Urban regions,Married,0.25537,651,2327,0.23765,0.27310
1987,17-29 y.,Urban regions,"Married, living apart",0.01474,48,2327,0.00984,0.01964
1987,17-29 y.,Urban regions,Single,0.71105,1628,2327,0.69263,0.72947
1987,17-29 y.,Rural regions,Married,0.24440,174,627,0.21074,0.27807
1987,17-29 y.,Rural regions,Single,0.73341,453,627,0.69877,0.76805
1987,30-45 y.,Urban regions,Married,0.74069,2020,2478,0.72343,0.75795
1987,30-45 y.,Urban regions,"Married, living apart",0.02514,66,2478,0.01898,0.03131
1987,30-45 y.,Urban regions,Single,0.14833,247,2478,0.13433,0.16232
1987,30-45 y.,Urban regions,Divorced,0.07131,145,2478,0.06118,0.08145
1987,30-45 y.,Rural regions,Married,0.82473,556,594,0.79413,0.85533
1987,30-45 y.,Rural regions,Single,0.07779,38,594,0.05623,0.09935
1987,46-65 y.,Urban regions,Married,0.76517,2096,2515,0.74860,0.78174
1987,46-65 y.,Urban regions,"Married, living apart",0.02446,71,2515,0.01842,0.03050
1987,46-65 y.,Urban regions,Single,0.04901,81,2515,0.04058,0.05745
1987,46-65 y.,Urban regions,Divorced,0.06386,119,2515,0.05430,0.07342
1987,46-65 y.,Urban regions,Widowed,0.08243,148,2515,0.07168,0.09318
1987,46-65 y.,Rural regions,Married,0.79898,546,597,0.76680,0.83115
1987,46-65 y.,Rural regions,Widowed,0.08255,51,597,0.06046,0.10465
1987,66 and older,Urban regions,Married,0.42188,396,759,0.38672,0.45704
1987,66 and older,Urban regions,Single,0.06448,46,759,0.04699,0.08196
1987,66 and older,Urban regions,Widowed,0.46095,317,759,0.42546,0.49643
1987,66 and older,Rural regions,Married,0.51292,154,250,0.45083,0.57500
1987,66 and older,Rural regions,Widowed,0.38608,96,250,0.32561,0.44655
1988,17-29 y.,Urban regions,Married,0.24345,650,2261,0.22575,0.26114
1988,17-29 y.,Urban regions,"Married, living apart",0.01858,52,2261,0.01301,0.02415
1988,17-29 y.,Urban regions,Single,0.71740,1559,2261,0.69884,0.73597
1988,17-29 y.,Rural regions,Married,0.22875,153,568,0.19417,0.26332
1988,17-29 y.,Rural regions,Single,0.74988,415,568,0.71423,0.78552
1988,30-45 y.,Urban regions,Married,0.72311,1859,2298,0.70481,0.74141
1988,30-45 y.,Urban regions,"Married, living apart",0.03361,67,2298,0.02624,0.04098
1988,30-45 y.,Urban regions,Single,0.15445,234,2298,0.13967,0.16923
1988,30-45 y.,Urban regions,Divorced,0.07612,138,2298,0.06527,0.08696
1988,30-45 y.,Rural regions,Married,0.79773,524,569,0.76469,0.83076
1988,30-45 y.,Rural regions,Single,0.10383,45,569,0.07874,0.12892
1988,46-65 y.,Urban regions,Married,0.76357,2044,2454,0.74675,0.78038
1988,46-65 y.,Urban regions,"Married, living apart",0.03046,77,2454,0.02366,0.03726
1988,46-65 y.,Urban regions,Single,0.04785,74,2454,0.03940,0.05630
1988,46-65 y.,Urban regions,Divorced,0.06099,114,2454,0.05152,0.07046
1988,46-65 y.,Urban regions,Widowed,0.08089,145,2454,0.07010,0.09168
1988,46-65 y.,Rural regions,Married,0.80190,525,570,0.76915,0.83465
1988,46-65 y.,Rural regions,Widowed,0.07849,45,570,0.05640,0.10059
1988,66 and older,Urban regions,Married,0.43153,396,738,0.39577,0.46729
1988,66 and older,Urban regions,Single,0.06167,42,738,0.04430,0.07903
1988,66 and older,Urban regions,Widowed,0.44694,300,738,0.41104,0.48283
1988,66 and older,Rural regions,Married,0.51919,143,235,0.45517,0.58321
1988,66 and older,Rural regions,Widowed,0.38435,92,235,0.32203,0.44668
1989,17-29 y.,Urban regions,Married,0.23828,642,2227,0.22058,0.25598
1989,17-29 y.,Urban regions,"Married, living apart",0.01619,39,2227,0.01094,0.02143
1989,17-29 y.,Urban regions,Single,0.72385,1546,2227,0.70528,0.74242
1989,17-29 y.,Rural regions,Married,0.23208,159,555,0.19692,0.26723
1989,17-29 y.,Rural regions,Single,0.74272,396,555,0.70631,0.77912
1989,30-45 y.,Urban regions,Married,0.72722,1790,2235,0.70875,0.74569
1989,30-45 y.,Urban regions,"Married, living apart",0.03015,63,2235,0.02306,0.03725
1989,30-45 y.,Urban regions,Single,0.14762,234,2235,0.13291,0.16233
1989,30-45 y.,Urban regions,Divorced,0.08302,148,2235,0.07158,0.09446
1989,30-45 y.,Rural regions,Married,0.79414,483,523,0.75946,0.82883
1989,30-45 y.,Rural regions,Single,0.09816,40,523,0.07263,0.12368
1989,46-65 y.,Urban regions,Married,0.75460,1954,2365,0.73725,0.77195
1989,46-65 y.,Urban regions,"Married, living apart",0.03077,74,2365,0.02381,0.03773
1989,46-65 y.,Urban regions,Single,0.05373,80,2365,0.04464,0.06282
1989,46-65 y.,Urban regions,Divorced,0.06670,118,2365,0.05664,0.07676
1989,46-65 y.,Urban regions,Widowed,0.07720,139,2365,0.06644,0.08796
1989,46-65 y.,Rural regions,Married,0.80136,492,533,0.76746,0.83527
1989,46-65 y.,Rural regions,Widowed,0.07994,41,533,0.05689,0.10298
1989,66 and older,Urban regions,Married,0.42189,379,719,0.38577,0.45802
1989,66 and older,Urban regions,Single,0.05828,38,719,0.04115,0.07542
1989,66 and older,Urban regions,Widowed,0.45981,302,719,0.42335,0.49626
1989,66 and older,Rural regions,Married,0.52702,142,229,0.46221,0.59183
1989,66 and older,Rural regions,Widowed,0.36430,87,229,0.30183,0.42677
1990,17-29 y.,Urban regions,Married,0.25221,775,2507,0.23521,0.26922
1990,17-29 y.,Urban regions,"Married, living apart",0.01129,37,2507,0.00715,0.01543
1990,17-29 y.,Urban regions,Single,0.71942,1664,2507,0.70183,0.73701
1990,17-29 y.,Urban regions,Divorced,0.01494,31,2507,0.01019,0.01969
1990,17-29 y.,Rural regions,Married,0.29435,459,1304,0.26960,0.31910
1990,17-29 y.,Rural regions,Single,0.65753,810,1304,0.63177,0.68330
1990,17-29 y.,Rural regions,Divorced,0.03682,35,1304,0.02660,0.04705
1990,30-45 y.,Urban regions,Married,0.71740,2159,2731,0.70051,0.73429
1990,30-45 y.,Urban regions,"Married, living apart",0.02656,61,2731,0.02052,0.03259
1990,30-45 y.,Urban regions,Single,0.15424,284,2731,0.14069,0.16778
1990,30-45 y.,Urban regions,Divorced,0.09096,196,2731,0.08017,0.10175
1990,30-45 y.,Urban regions,Widowed,0.00852,31,2731,0.00508,0.01197
1990,30-45 y.,Rural regions,Married,0.78720,1312,1500,0.76648,0.80792
1990,30-45 y.,Rural regions,Single,0.10965,97,1500,0.09383,0.12546
1990,30-45 y.,Rural regions,Divorced,0.07635,91,1500,0.06291,0.08980
1990,46-65 y.,Urban regions,Married,0.75536,2274,2763,0.73932,0.77139
1990,46-65 y.,Urban regions,"Married, living apart",0.02344,77,2763,0.01780,0.02908
1990,46-65 y.,Urban regions,Single,0.05689,92,2763,0.04825,0.06553
1990,46-65 y.,Urban regions,Divorced,0.07749,166,2763,0.06752,0.08746
1990,46-65 y.,Urban regions,Widowed,0.07212,154,2763,0.06247,0.08176
1990,46-65 y.,Rural regions,Married,0.78741,1215,1428,0.76618,0.80864
1990,46-65 y.,Rural regions,Single,0.04226,42,1428,0.03182,0.05270
1990,46-65 y.,Rural regions,Divorced,0.07217,89,1428,0.05874,0.08559
1990,46-65 y.,Rural regions,Widowed,0.07894,82,1428,0.06495,0.09293
1990,66 and older,Urban regions,Married,0.41639,457,862,0.38347,0.44932
1990,66 and older,Urban regions,Single,0.05430,41,862,0.03916,0.06944
1990,66 and older,Urban regions,Widowed,0.46350,364,862,0.43019,0.49681
1990,66 and older,Rural regions,Married,0.50560,285,500,0.46173,0.54947
1990,66 and older,Rural regions,Widowed,0.40546,215,500,0.36238,0.44854
1991,17-29 y.,Urban regions,Married,0.24689,742,2380,0.22956,0.26422
1991,17-29 y.,Urban regions,"Married, living apart",0.01607,40,2380,0.01102,0.02112
1991,17-29 y.,Urban regions,Single,0.71510,1598,2380,0.69696,0.73323
1991,17-29 y.,Rural regions,Married,0.27717,393,1215,0.25199,0.30235
1991,17-29 y.,Rural regions,Single,0.68586,822,1215,0.65975,0.71197
1991,30-45 y.,Urban regions,Married,0.71485,2160,2707,0.69784,0.73186
1991,30-45 y.,Urban regions,"Married, living apart",0.02073,50,2707,0.01536,0.02610
1991,30-45 y.,Urban regions,Single,0.16068,294,2707,0.14684,0.17451
1991,30-45 y.,Urban regions,Divorced,0.09376,203,2707,0.08278,0.10474
1991,30-45 y.,Rural regions,Married,0.77856,1307,1501,0.75754,0.79957
1991,30-45 y.,Rural regions,Single,0.10995,104,1501,0.09412,0.12579
1991,30-45 y.,Rural regions,Divorced,0.08432,90,1501,0.07026,0.09839
1991,46-65 y.,Urban regions,Married,0.74990,2195,2670,0.73347,0.76633
1991,46-65 y.,Urban regions,"Married, living apart",0.02575,76,2670,0.01974,0.03176
1991,46-65 y.,Urban regions,Single,0.05659,86,2670,0.04782,0.06536
1991,46-65 y.,Urban regions,Divorced,0.08501,171,2670,0.07443,0.09559
1991,46-65 y.,Urban regions,Widowed,0.06976,142,2670,0.06010,0.07943
1991,46-65 y.,Rural regions,Married,0.78552,1194,1407,0.76406,0.80697
1991,46-65 y.,Rural regions,Single,0.04114,38,1407,0.03076,0.05152
1991,46-65 y.,Rural regions,Divorced,0.07447,87,1407,0.06075,0.08820
1991,46-65 y.,Rural regions,Widowed,0.08381,88,1407,0.06933,0.09830
1991,66 and older,Urban regions,Married,0.42987,476,866,0.39688,0.46287
1991,66 and older,Urban regions,Single,0.04803,35,866,0.03378,0.06228
1991,66 and older,Urban regions,Widowed,0.46413,355,866,0.43089,0.49736
1991,66 and older,Rural regions,Married,0.49426,281,481,0.44953,0.53898
1991,66 and older,Rural regions,Widowed,0.40453,200,481,0.36062,0.44844
1992,17-29 y.,Urban regions,Married,0.22452,693,2352,0.20765,0.24139
1992,17-29 y.,Urban regions,"Married, living apart",0.01749,41,2352,0.01219,0.02279
1992,17-29 y.,Urban regions,Single,0.73674,1581,2352,0.71894,0.75454
1992,17-29 y.,Urban regions,Divorced,0.02033,37,2352,0.01463,0.02604
1992,17-29 y.,Rural regions,Married,0.27384,348,1141,0.24795,0.29973
1992,17-29 y.,Rural regions,Single,0.68871,793,1141,0.66183,0.71558
1992,30-45 y.,Urban regions,Married,0.71844,2129,2712,0.70151,0.73537
1992,30-45 y.,Urban regions,"Married, living apart",0.02409,59,2712,0.01832,0.02986
1992,30-45 y.,Urban regions,Single,0.15715,301,2712,0.14345,0.17085
1992,30-45 y.,Urban regions,Divorced,0.08728,192,2712,0.07665,0.09790
1992,30-45 y.,Urban regions,Widowed,0.01110,31,2712,0.00715,0.01504
1992,30-45 y.,Rural regions,Married,0.77197,1257,1459,0.75043,0.79350
1992,30-45 y.,Rural regions,Single,0.12496,115,1459,0.10799,0.14193
1992,30-45 y.,Rural regions,Divorced,0.07455,87,1459,0.06106,0.08803
1992,46-65 y.,Urban regions,Married,0.75928,2177,2631,0.74294,0.77562
1992,46-65 y.,Urban regions,"Married, living apart",0.02354,68,2631,0.01774,0.02933
1992,46-65 y.,Urban regions,Single,0.05047,76,2631,0.04210,0.05884
1992,46-65 y.,Urban regions,Divorced,0.08833,173,2631,0.07748,0.09917
1992,46-65 y.,Urban regions,Widowed,0.06763,137,2631,0.05803,0.07723
1992,46-65 y.,Rural regions,Married,0.78948,1142,1344,0.76768,0.81128
1992,46-65 y.,Rural regions,Single,0.04726,40,1344,0.03592,0.05861
1992,46-65 y.,Rural regions,Divorced,0.07175,77,1344,0.05794,0.08555
1992,46-65 y.,Rural regions,Widowed,0.07959,85,1344,0.06512,0.09407
1992,66 and older,Urban regions,Married,0.44665,500,876,0.41371,0.47959
1992,66 and older,Urban regions,Single,0.05053,37,876,0.03602,0.06504
1992,66 and older,Urban regions,Widowed,0.43969,339,876,0.40680,0.47257
1992,66 and older,Rural regions,Married,0.48169,273,471,0.43652,0.52687
1992,66 and older,Rural regions,Widowed,0.41600,198,471,0.37143,0.46056
1993,17-29 y.,Urban regions,Married,0.21913,678,2309,0.20226,0.23601
1993,17-29 y.,Urban regions,"Married, living apart",0.01620,40,2309,0.01105,0.02136
1993,17-29 y.,Urban regions,Single,0.74243,1560,2309,0.72459,0.76027
1993,17-29 y.,Urban regions,Divorced,0.02005,31,2309,0.01433,0.02577
1993,17-29 y.,Rural regions,Married,0.25988,321,1117,0.23415,0.28561
1993,17-29 y.,Rural regions,Single,0.69684,796,1117,0.66987,0.72381
1993,30-45 y.,Urban regions,Married,0.71555,2096,2676,0.69845,0.73265
1993,30-45 y.,Urban regions,"Married, living apart",0.03125,70,2676,0.02466,0.03785
1993,30-45 y.,Urban regions,Single,0.15632,323,2676,0.14256,0.17008
1993,30-45 y.,Urban regions,Divorced,0.08391,187,2676,0.07341,0.09442
1993,30-45 y.,Rural regions,Married,0.76599,1227,1475,0.74437,0.78760
1993,30-45 y.,Rural regions,"Married, living apart",0.02646,34,1475,0.01827,0.03466
1993,30-45 y.,Rural regions,Single,0.11947,121,1475,0.10291,0.13602
1993,30-45 y.,Rural regions,Divorced,0.08261,93,1475,0.06855,0.09666
1993,46-65 y.,Urban regions,Married,0.75732,2142,2597,0.74083,0.77381
1993,46-65 y.,Urban regions,"Married, living apart",0.02834,78,2597,0.02196,0.03473
1993,46-65 y.,Urban regions,Single,0.04998,71,2597,0.04160,0.05836
1993,46-65 y.,Urban regions,Divorced,0.08553,170,2597,0.07477,0.09629
1993,46-65 y.,Urban regions,Widowed,0.06795,136,2597,0.05826,0.07763
1993,46-65 y.,Rural regions,Married,0.78526,1119,1322,0.76311,0.80740
1993,46-65 y.,Rural regions,Single,0.04066,36,1322,0.03001,0.05131
1993,46-65 y.,Rural regions,Divorced,0.07481,78,1322,0.06062,0.08899
1993,46-65 y.,Rural regions,Widowed,0.08831,89,1322,0.07301,0.10361
1993,66 and older,Urban regions,Married,0.45917,519,886,0.42634,0.49200
1993,66 and older,Urban regions,Single,0.05228,39,886,0.03761,0.06694
1993,66 and older,Urban regions,Widowed,0.42158,328,886,0.38905,0.45411
1993,66 and older,Rural regions,Married,0.46090,271,480,0.41626,0.50554
1993,66 and older,Rural regions,Widowed,0.41814,209,480,0.37397,0.46231
1994,17-29 y.,Urban regions,Married,0.22516,642,2203,0.20772,0.24261
1994,17-29 y.,Urban regions,"Married, living apart",0.01606,37,2203,0.01081,0.02131
1994,17-29 y.,Urban regions,Single,0.74701,1524,2203,0.72885,0.76517
1994,17-29 y.,Rural regions,Married,0.27540,308,1071,0.24863,0.30216
1994,17-29 y.,Rural regions,Single,0.68925,763,1071,0.66152,0.71698
1994,30-45 y.,Urban regions,Married,0.69925,2049,2658,0.68182,0.71669
1994,30-45 y.,Urban regions,"Married, living apart",0.03273,79,2658,0.02596,0.03950
1994,30-45 y.,Urban regions,Single,0.16581,341,2658,0.15167,0.17995
1994,30-45 y.,Urban regions,Divorced,0.08929,189,2658,0.07845,0.10014
1994,30-45 y.,Rural regions,Married,0.74902,1173,1446,0.72666,0.77138
1994,30-45 y.,Rural regions,"Married, living apart",0.02978,41,1446,0.02102,0.03855
1994,30-45 y.,Rural regions,Single,0.13135,137,1446,0.11394,0.14877
1994,30-45 y.,Rural regions,Divorced,0.08432,95,1446,0.06999,0.09865
1994,46-65 y.,Urban regions,Married,0.75835,2091,2541,0.74170,0.77500
1994,46-65 y.,Urban regions,"Married, living apart",0.02855,73,2541,0.02208,0.03503
1994,46-65 y.,Urban regions,Single,0.05549,77,2541,0.04658,0.06439
1994,46-65 y.,Urban regions,Divorced,0.08501,172,2541,0.07417,0.09586
1994,46-65 y.,Urban regions,Widowed,0.06236,128,2541,0.05296,0.07177
1994,46-65 y.,Rural regions,Married,0.78991,1125,1313,0.76787,0.81195
1994,46-65 y.,Rural regions,Single,0.04402,35,1313,0.03292,0.05512
1994,46-65 y.,Rural regions,Divorced,0.08011,79,1313,0.06542,0.09480
1994,46-65 y.,Rural regions,Widowed,0.07564,74,1313,0.06133,0.08995
1994,66 and older,Urban regions,Married,0.44594,527,912,0.41366,0.47822
1994,66 and older,Urban regions,Single,0.05151,38,912,0.03716,0.06587
1994,66 and older,Urban regions,Widowed,0.42926,347,912,0.39712,0.46140
1994,66 and older,Rural regions,Married,0.44451,263,473,0.39968,0.48934
1994,66 and older,Rural regions,Widowed,0.42973,210,473,0.38507,0.47439
1995,17-29 y.,Urban regions,Married,0.23211,648,2198,0.21445,0.24976
1995,17-29 y.,Urban regions,"Married, living apart",0.01525,34,2198,0.01012,0.02037
1995,17-29 y.,Urban regions,Single,0.73355,1516,2198,0.71507,0.75204
1995,17-29 y.,Rural regions,Married,0.26122,294,1093,0.23516,0.28728
1995,17-29 y.,Rural regions,Single,0.70643,799,1093,0.67942,0.73344
1995,30-45 y.,Urban regions,Married,0.68405,2152,2848,0.66698,0.70113
1995,30-45 y.,Urban regions,"Married, living apart",0.02933,83,2848,0.02313,0.03553
1995,30-45 y.,Urban regions,Single,0.18558,407,2848,0.17130,0.19986
1995,30-45 y.,Urban regions,Divorced,0.08894,206,2848,0.07848,0.09939
1995,30-45 y.,Rural regions,Married,0.73611,1227,1539,0.71408,0.75814
1995,30-45 y.,Rural regions,"Married, living apart",0.02184,32,1539,0.01453,0.02914
1995,30-45 y.,Rural regions,Single,0.13507,155,1539,0.11798,0.15215
1995,30-45 y.,Rural regions,Divorced,0.09440,125,1539,0.07978,0.10901
1995,46-65 y.,Urban regions,Married,0.75070,2124,2575,0.73398,0.76741
1995,46-65 y.,Urban regions,"Married, living apart",0.02124,61,2575,0.01567,0.02681
1995,46-65 y.,Urban regions,Single,0.05863,82,2575,0.04956,0.06771
1995,46-65 y.,Urban regions,Divorced,0.09378,182,2575,0.08252,0.10504
1995,46-65 y.,Urban regions,Widowed,0.06460,126,2575,0.05510,0.07410
1995,46-65 y.,Rural regions,Married,0.79113,1172,1325,0.76923,0.81303
1995,46-65 y.,Rural regions,Divorced,0.07849,79,1325,0.06401,0.09298
1995,46-65 y.,Rural regions,Widowed,0.07877,74,1325,0.06426,0.09328
1995,66 and older,Urban regions,Married,0.46451,562,952,0.43281,0.49621
1995,66 and older,Urban regions,Single,0.05591,40,952,0.04131,0.07052
1995,66 and older,Urban regions,Widowed,0.41507,350,952,0.38375,0.44638
1995,66 and older,Rural regions,Married,0.44526,258,463,0.39994,0.49058
1995,66 and older,Rural regions,Widowed,0.42246,205,463,0.37742,0.46750
1996,17-29 y.,Urban regions,Married,0.22774,555,2051,0.20958,0.24589
1996,17-29 y.,Urban regions,"Married, living apart",0.01715,37,2051,0.01153,0.02277
1996,17-29 y.,Urban regions,Single,0.74339,1459,2051,0.72448,0.76230
1996,17-29 y.,Rural regions,Married,0.24675,263,1064,0.22083,0.27267
1996,17-29 y.,Rural regions,Single,0.73024,801,1064,0.70356,0.75693
1996,30-45 y.,Urban regions,Married,0.67156,2137,2878,0.65440,0.68872
1996,30-45 y.,Urban regions,"Married, living apart",0.03311,94,2878,0.02657,0.03965
1996,30-45 y.,Urban regions,Single,0.19928,445,2878,0.18468,0.21388
1996,30-45 y.,Urban regions,Divorced,0.08681,202,2878,0.07653,0.09710
1996,30-45 y.,Rural regions,Married,0.70818,1166,1517,0.68529,0.73106
1996,30-45 y.,Rural regions,"Married, living apart",0.02415,41,1517,0.01642,0.03188
1996,30-45 y.,Rural regions,Single,0.15421,182,1517,0.13603,0.17239
1996,30-45 y.,Rural regions,Divorced,0.10499,128,1517,0.08956,0.12042
1996,46-65 y.,Urban regions,Married,0.73204,2035,2504,0.71468,0.74939
1996,46-65 y.,Urban regions,"Married, living apart",0.02979,75,2504,0.02313,0.03646
1996,46-65 y.,Urban regions,Single,0.06741,92,2504,0.05759,0.07723
1996,46-65 y.,Urban regions,Divorced,0.08964,165,2504,0.07844,0.10083
1996,46-65 y.,Urban regions,Widowed,0.07208,137,2504,0.06195,0.08221
1996,46-65 y.,Rural regions,Married,0.77489,1171,1369,0.75275,0.79702
1996,46-65 y.,Rural regions,Single,0.04368,32,1369,0.03285,0.05451
1996,46-65 y.,Rural regions,Divorced,0.08070,84,1369,0.06627,0.09514
1996,46-65 y.,Rural regions,Widowed,0.08627,82,1369,0.07139,0.10115
1996,66 and older,Urban regions,Married,0.49487,603,997,0.46381,0.52592
1996,66 and older,Urban regions,Single,0.05382,38,997,0.03981,0.06784
1996,66 and older,Urban regions,Divorced,0.04112,37,997,0.02879,0.05345
1996,66 and older,Urban regions,Widowed,0.37077,319,997,0.34077,0.40077
1996,66 and older,Rural regions,Married,0.45248,265,469,0.40738,0.49757
1996,66 and older,Rural regions,Widowed,0.42493,204,469,0.38014,0.46972
1997,17-29 y.,Urban regions,Married,0.22496,507,1921,0.20628,0.24363
1997,17-29 y.,Urban regions,Single,0.75190,1414,1921,0.73258,0.77122
1997,17-29 y.,Rural regions,Married,0.22199,237,1029,0.19658,0.24739
1997,17-29 y.,Rural regions,Single,0.74622,792,1029,0.71962,0.77282
1997,30-45 y.,Urban regions,Married,0.65820,2061,2847,0.64077,0.67563
1997,30-45 y.,Urban regions,"Married, living apart",0.03764,99,2847,0.03064,0.04463
1997,30-45 y.,Urban regions,Single,0.20669,488,2847,0.19181,0.22156
1997,30-45 y.,Urban regions,Divorced,0.08667,199,2847,0.07633,0.09700
1997,30-45 y.,Rural regions,Married,0.69816,1124,1474,0.67472,0.72161
1997,30-45 y.,Rural regions,"Married, living apart",0.02415,43,1474,0.01631,0.03199
1997,30-45 y.,Rural regions,Single,0.15552,178,1474,0.13701,0.17403
1997,30-45 y.,Rural regions,Divorced,0.10955,129,1474,0.09360,0.12550
1997,46-65 y.,Urban regions,Married,0.72344,1976,2454,0.70574,0.74114
1997,46-65 y.,Urban regions,"Married, living apart",0.03559,79,2454,0.02826,0.04292
1997,46-65 y.,Urban regions,Single,0.06791,88,2454,0.05795,0.07787
1997,46-65 y.,Urban regions,Divorced,0.09387,175,2454,0.08233,0.10542
1997,46-65 y.,Urban regions,Widowed,0.06841,136,2454,0.05842,0.07840
1997,46-65 y.,Rural regions,Married,0.76111,1149,1358,0.73843,0.78380
1997,46-65 y.,Rural regions,Single,0.04706,34,1358,0.03579,0.05833
1997,46-65 y.,Rural regions,Divorced,0.08863,90,1358,0.07351,0.10375
1997,46-65 y.,Rural regions,Widowed,0.08509,85,1358,0.07025,0.09994
1997,66 and older,Urban regions,Married,0.48375,620,1020,0.45306,0.51443
1997,66 and older,Urban regions,Single,0.05993,41,1020,0.04536,0.07451
1997,66 and older,Urban regions,Divorced,0.04584,39,1020,0.03300,0.05868
1997,66 and older,Urban regions,Widowed,0.37604,320,1020,0.34630,0.40579
1997,66 and older,Rural regions,Married,0.48335,293,485,0.43883,0.52787
1997,66 and older,Rural regions,Widowed,0.39911,192,485,0.35548,0.44274
1998,17-29 y.,Urban regions,Married,0.20241,489,1997,0.18478,0.22004
1998,17-29 y.,Urban regions,Single,0.77120,1508,1997,0.75277,0.78963
1998,17-29 y.,Rural regions,Married,0.17961,212,1088,0.15679,0.20243
1998,17-29 y.,Rural regions,Single,0.79669,876,1088,0.77276,0.82061
1998,30-45 y.,Urban regions,Married,0.64798,2204,3147,0.63129,0.66467
1998,30-45 y.,Urban regions,"Married, living apart",0.03874,112,3147,0.03200,0.04549
1998,30-45 y.,Urban regions,Single,0.21010,583,3147,0.19587,0.22434
1998,30-45 y.,Urban regions,Divorced,0.09283,248,3147,0.08269,0.10297
1998,30-45 y.,Rural regions,Married,0.72580,1248,1640,0.70421,0.74740
1998,30-45 y.,Rural regions,"Married, living apart",0.03065,46,1640,0.02231,0.03900
1998,30-45 y.,Rural regions,Single,0.14828,213,1640,0.13107,0.16548
1998,30-45 y.,Rural regions,Divorced,0.08666,133,1640,0.07304,0.10028
1998,46-65 y.,Urban regions,Married,0.73005,2236,2791,0.71357,0.74652
1998,46-65 y.,Urban regions,"Married, living apart",0.03777,89,2791,0.03070,0.04485
1998,46-65 y.,Urban regions,Single,0.06524,105,2791,0.05608,0.07441
1998,46-65 y.,Urban regions,Divorced,0.09862,212,2791,0.08756,0.10969
1998,46-65 y.,Urban regions,Widowed,0.05998,149,2791,0.05117,0.06879
1998,46-65 y.,Rural regions,Married,0.77497,1318,1567,0.75429,0.79566
1998,46-65 y.,Rural regions,Single,0.04010,40,1567,0.03038,0.04982
1998,46-65 y.,Rural regions,Divorced,0.09296,109,1567,0.07858,0.10735
1998,46-65 y.,Rural regions,Widowed,0.08115,100,1567,0.06763,0.09468
1998,66 and older,Urban regions,Married,0.48073,719,1196,0.45240,0.50906
1998,66 and older,Urban regions,Single,0.05549,49,1196,0.04251,0.06847
1998,66 and older,Urban regions,Divorced,0.04085,42,1196,0.02963,0.05208
1998,66 and older,Urban regions,Widowed,0.38494,386,1196,0.35735,0.41252
1998,66 and older,Rural regions,Married,0.51884,359,563,0.47753,0.56015
1998,66 and older,Rural regions,Widowed,0.37452,204,563,0.33451,0.41454
1999,17-29 y.,Urban regions,Married,0.19280,441,1874,0.17493,0.21066
1999,17-29 y.,Urban regions,Single,0.77883,1433,1874,0.76004,0.79763
1999,17-29 y.,Rural regions,Married,0.15617,175,1026,0.13395,0.17839
1999,17-29 y.,Rural regions,Single,0.81725,851,1026,0.79360,0.84091
1999,30-45 y.,Urban regions,Married,0.62966,2097,3065,0.61257,0.64676
1999,30-45 y.,Urban regions,"Married, living apart",0.03647,105,3065,0.02983,0.04311
1999,30-45 y.,Urban regions,Single,0.22332,603,3065,0.20857,0.23807
1999,30-45 y.,Urban regions,Divorced,0.09906,260,3065,0.08848,0.10964
1999,30-45 y.,Rural regions,Married,0.68040,1161,1602,0.65756,0.70324
1999,30-45 y.,Rural regions,"Married, living apart",0.03294,51,1602,0.02420,0.04169
1999,30-45 y.,Rural regions,Single,0.17108,241,1602,0.15263,0.18952
1999,30-45 y.,Rural regions,Divorced,0.10139,149,1602,0.08660,0.11617
1999,46-65 y.,Urban regions,Married,0.72591,2124,2662,0.70896,0.74286
1999,46-65 y.,Urban regions,"Married, living apart",0.03260,80,2662,0.02585,0.03935
1999,46-65 y.,Urban regions,Single,0.06933,103,2662,0.05968,0.07898
1999,46-65 y.,Urban regions,Divorced,0.10560,215,2662,0.09393,0.11728
1999,46-65 y.,Urban regions,Widowed,0.05798,140,2662,0.04910,0.06686
1999,46-65 y.,Rural regions,Married,0.77968,1262,1495,0.75867,0.80070
1999,46-65 y.,Rural regions,Single,0.03767,32,1495,0.02802,0.04733
1999,46-65 y.,Rural regions,Divorced,0.09474,104,1495,0.07989,0.10959
1999,46-65 y.,Rural regions,Widowed,0.07887,97,1495,0.06520,0.09253
1999,66 and older,Urban regions,Married,0.48544,699,1144,0.45647,0.51442
1999,66 and older,Urban regions,Single,0.05753,47,1144,0.04403,0.07103
1999,66 and older,Urban regions,Divorced,0.04415,42,1144,0.03224,0.05606
1999,66 and older,Urban regions,Widowed,0.37583,356,1144,0.34775,0.40391
1999,66 and older,Rural regions,Married,0.51902,358,586,0.47853,0.55951
1999,66 and older,Rural regions,Divorced,0.04787,31,586,0.03057,0.06517
1999,66 and older,Rural regions,Widowed,0.36591,197,586,0.32687,0.40494
2000,17-29 y.,Urban regions,Married,0.18183,565,2872,0.16772,0.19594
2000,17-29 y.,Urban regions,Single,0.79023,2275,2872,0.77534,0.80512
2000,17-29 y.,Urban regions,Divorced,0.01330,32,2872,0.00911,0.01750
2000,17-29 y.,Rural regions,Married,0.14966,249,1641,0.13239,0.16693
2000,17-29 y.,Rural regions,Single,0.82653,1392,1641,0.80820,0.84485
2000,30-45 y.,Urban regions,Married,0.65002,3743,5346,0.63723,0.66281
2000,30-45 y.,Urban regions,"Married, living apart",0.03322,172,5346,0.02842,0.03803
2000,30-45 y.,Urban regions,Single,0.22554,1019,5346,0.21434,0.23674
2000,30-45 y.,Urban regions,Divorced,0.08466,412,5346,0.07719,0.09212
2000,30-45 y.,Rural regions,Married,0.70340,2053,2765,0.68637,0.72043
2000,30-45 y.,Rural regions,"Married, living apart",0.02440,67,2765,0.01865,0.03015
2000,30-45 y.,Rural regions,Single,0.17193,406,2765,0.15786,0.18600
2000,30-45 y.,Rural regions,Divorced,0.09170,239,2765,0.08094,0.10246
2000,46-65 y.,Urban regions,Married,0.73232,3978,5058,0.72012,0.74453
2000,46-65 y.,Urban regions,"Married, living apart",0.02871,131,5058,0.02411,0.03332
2000,46-65 y.,Urban regions,Single,0.06944,240,5058,0.06244,0.07645
2000,46-65 y.,Urban regions,Divorced,0.10588,435,5058,0.09740,0.11436
2000,46-65 y.,Urban regions,Widowed,0.05757,274,5058,0.05115,0.06399
2000,46-65 y.,Rural regions,Married,0.77422,2210,2677,0.75838,0.79006
2000,46-65 y.,Rural regions,"Married, living apart",0.01872,45,2677,0.01358,0.02385
2000,46-65 y.,Rural regions,Single,0.04237,75,2677,0.03474,0.05000
2000,46-65 y.,Rural regions,Divorced,0.09595,199,2677,0.08479,0.10711
2000,46-65 y.,Rural regions,Widowed,0.06613,148,2677,0.05672,0.07555
2000,66 and older,Urban regions,Married,0.52241,1420,2280,0.50190,0.54292
2000,66 and older,Urban regions,Single,0.05032,86,2280,0.04134,0.05929
2000,66 and older,Urban regions,Divorced,0.03871,76,2280,0.03079,0.04663
2000,66 and older,Urban regions,Widowed,0.35911,698,2280,0.33942,0.37881
2000,66 and older,Rural regions,Married,0.53938,751,1240,0.51163,0.56714
2000,66 and older,Rural regions,Single,0.03475,39,1240,0.02455,0.04495
2000,66 and older,Rural regions,Divorced,0.05107,55,1240,0.03881,0.06333
2000,66 and older,Rural regions,Widowed,0.35867,395,1240,0.33196,0.38537
2001,17-29 y.,Urban regions,Married,0.16984,473,2575,0.15533,0.18435
2001,17-29 y.,Urban regions,Single,0.80911,2102,2575,0.79393,0.82429
2001,17-29 y.,Rural regions,Married,0.12365,192,1454,0.10672,0.14058
2001,17-29 y.,Rural regions,Single,0.84899,1262,1454,0.83058,0.86740
2001,30-45 y.,Urban regions,Married,0.62841,3328,4817,0.61476,0.64205
2001,30-45 y.,Urban regions,"Married, living apart",0.03065,145,4817,0.02578,0.03551
2001,30-45 y.,Urban regions,Single,0.24287,950,4817,0.23076,0.25499
2001,30-45 y.,Urban regions,Divorced,0.09085,394,4817,0.08274,0.09897
2001,30-45 y.,Rural regions,Married,0.67910,1789,2461,0.66065,0.69755
2001,30-45 y.,Rural regions,"Married, living apart",0.03006,75,2461,0.02331,0.03681
2001,30-45 y.,Rural regions,Single,0.18791,384,2461,0.17247,0.20335
2001,30-45 y.,Rural regions,Divorced,0.09553,213,2461,0.08391,0.10715
2001,46-65 y.,Urban regions,Married,0.71689,3590,4604,0.70388,0.72991
2001,46-65 y.,Urban regions,"Married, living apart",0.03095,130,4604,0.02595,0.03596
2001,46-65 y.,Urban regions,Single,0.07900,236,4604,0.07121,0.08679
2001,46-65 y.,Urban regions,Divorced,0.11310,415,4604,0.10395,0.12225
2001,46-65 y.,Urban regions,Widowed,0.05415,233,4604,0.04761,0.06069
2001,46-65 y.,Rural regions,Married,0.76358,2018,2462,0.74679,0.78037
2001,46-65 y.,Rural regions,"Married, living apart",0.01614,37,2462,0.01116,0.02111
2001,46-65 y.,Rural regions,Single,0.04626,71,2462,0.03796,0.05455
2001,46-65 y.,Rural regions,Divorced,0.10206,194,2462,0.09010,0.11402
2001,46-65 y.,Rural regions,Widowed,0.06926,142,2462,0.05923,0.07929
2001,66 and older,Urban regions,Married,0.52326,1348,2149,0.50213,0.54438
2001,66 and older,Urban regions,Single,0.05214,83,2149,0.04273,0.06154
2001,66 and older,Urban regions,Divorced,0.04312,81,2149,0.03453,0.05171
2001,66 and older,Urban regions,Widowed,0.34907,637,2149,0.32891,0.36922
2001,66 and older,Rural regions,Married,0.56110,742,1142,0.53231,0.58990
2001,66 and older,Rural regions,Divorced,0.04061,43,1142,0.02916,0.05206
2001,66 and older,Rural regions,Widowed,0.34979,357,1142,0.32211,0.37746
2002,17-29 y.,Urban regions,Married,0.15834,403,2624,0.14437,0.17231
2002,17-29 y.,Urban regions,Single,0.82406,2221,2624,0.80949,0.83864
2002,17-29 y.,Rural regions,Married,0.08792,135,1446,0.07332,0.10252
2002,17-29 y.,Rural regions,Single,0.88146,1311,1446,0.86480,0.89813
2002,30-45 y.,Urban regions,Married,0.63278,3446,4971,0.61938,0.64619
2002,30-45 y.,Urban regions,"Married, living apart",0.02905,135,4971,0.02438,0.03372
2002,30-45 y.,Urban regions,Single,0.23876,987,4971,0.22691,0.25061
2002,30-45 y.,Urban regions,Divorced,0.09275,403,4971,0.08468,0.10081
2002,30-45 y.,Rural regions,Married,0.65792,1728,2414,0.63899,0.67685
2002,30-45 y.,Rural regions,"Married, living apart",0.02896,82,2414,0.02227,0.03565
2002,30-45 y.,Rural regions,Single,0.20379,396,2414,0.18771,0.21986
2002,30-45 y.,Rural regions,Divorced,0.09975,208,2414,0.08779,0.11171
2002,46-65 y.,Urban regions,Married,0.71012,4163,5223,0.69782,0.72243
2002,46-65 y.,Urban regions,"Married, living apart",0.02966,125,5223,0.02506,0.03426
2002,46-65 y.,Urban regions,Single,0.08228,250,5223,0.07483,0.08974
2002,46-65 y.,Urban regions,Divorced,0.12014,457,5223,0.11132,0.12896
2002,46-65 y.,Urban regions,Widowed,0.05246,228,5223,0.04642,0.05851
2002,46-65 y.,Rural regions,Married,0.74913,2132,2600,0.73246,0.76579
2002,46-65 y.,Rural regions,"Married, living apart",0.01912,43,2600,0.01385,0.02438
2002,46-65 y.,Rural regions,Single,0.05285,80,2600,0.04425,0.06145
2002,46-65 y.,Rural regions,Divorced,0.11078,211,2600,0.09871,0.12284
2002,46-65 y.,Rural regions,Widowed,0.06517,134,2600,0.05568,0.07466
2002,66 and older,Urban regions,Married,0.53564,1488,2319,0.51533,0.55594
2002,66 and older,Urban regions,"Married, living apart",0.01519,37,2319,0.01021,0.02017
2002,66 and older,Urban regions,Single,0.05025,83,2319,0.04136,0.05915
2002,66 and older,Urban regions,Divorced,0.04490,87,2319,0.03647,0.05333
2002,66 and older,Urban regions,Widowed,0.33109,624,2319,0.31194,0.35025
2002,66 and older,Rural regions,Married,0.56543,784,1218,0.53758,0.59328
2002,66 and older,Rural regions,Single,0.03401,32,1218,0.02382,0.04419
2002,66 and older,Rural regions,Divorced,0.04361,50,1218,0.03214,0.05509
2002,66 and older,Rural regions,Widowed,0.34008,352,1218,0.31346,0.36669
2003,17-29 y.,Urban regions,Married,0.15273,359,2574,0.13883,0.16663
2003,17-29 y.,Urban regions,Single,0.82347,2215,2574,0.80874,0.83820
2003,17-29 y.,Rural regions,Married,0.08208,109,1360,0.06749,0.09667
2003,17-29 y.,Rural regions,Single,0.89268,1251,1360,0.87622,0.90914
2003,30-45 y.,Urban regions,Married,0.62084,3138,4641,0.60688,0.63480
2003,30-45 y.,Urban regions,"Married, living apart",0.03346,151,4641,0.02829,0.03864
2003,30-45 y.,Urban regions,Single,0.24696,985,4641,0.23455,0.25937
2003,30-45 y.,Urban regions,Divorced,0.09259,367,4641,0.08425,0.10093
2003,30-45 y.,Rural regions,Married,0.64549,1558,2244,0.62569,0.66529
2003,30-45 y.,Rural regions,"Married, living apart",0.03188,77,2244,0.02461,0.03915
2003,30-45 y.,Rural regions,Single,0.21793,413,2244,0.20084,0.23501
2003,30-45 y.,Rural regions,Divorced,0.09286,196,2244,0.08085,0.10487
2003,46-65 y.,Urban regions,Married,0.69495,3962,5024,0.68222,0.70768
2003,46-65 y.,Urban regions,"Married, living apart",0.03120,128,5024,0.02639,0.03601
2003,46-65 y.,Urban regions,Single,0.08826,251,5024,0.08042,0.09611
2003,46-65 y.,Urban regions,Divorced,0.12938,467,5024,0.12010,0.13866
2003,46-65 y.,Urban regions,Widowed,0.05112,216,5024,0.04503,0.05721
2003,46-65 y.,Rural regions,Married,0.74124,2039,2516,0.72412,0.75835
2003,46-65 y.,Rural regions,"Married, living apart",0.01775,43,2516,0.01259,0.02291
2003,46-65 y.,Rural regions,Single,0.05927,91,2516,0.05004,0.06850
2003,46-65 y.,Rural regions,Divorced,0.11812,214,2516,0.10550,0.13073
2003,46-65 y.,Rural regions,Widowed,0.06047,129,2516,0.05116,0.06979
2003,66 and older,Urban regions,Married,0.54436,1523,2362,0.52427,0.56445
2003,66 and older,Urban regions,"Married, living apart",0.01476,38,2362,0.00990,0.01963
2003,66 and older,Urban regions,Single,0.04767,79,2362,0.03907,0.05626
2003,66 and older,Urban regions,Divorced,0.04644,93,2362,0.03795,0.05492
2003,66 and older,Urban regions,Widowed,0.32387,629,2362,0.30499,0.34274
2003,66 and older,Rural regions,Married,0.56584,800,1233,0.53817,0.59352
2003,66 and older,Rural regions,Single,0.03461,31,1233,0.02440,0.04481
2003,66 and older,Rural regions,Divorced,0.04631,51,1233,0.03457,0.05804
2003,66 and older,Rural regions,Widowed,0.33808,351,1233,0.31167,0.36450
2004,17-29 y.,Urban regions,Married,0.12543,326,2539,0.11254,0.13831
2004,17-29 y.,Urban regions,Single,0.84731,2213,2539,0.83332,0.86131
2004,17-29 y.,Rural regions,Married,0.08214,108,1354,0.06751,0.09677
2004,17-29 y.,Rural regions,Single,0.90029,1246,1354,0.88432,0.91625
2004,30-45 y.,Urban regions,Married,0.60803,2945,4406,0.59362,0.62245
2004,30-45 y.,Urban regions,"Married, living apart",0.03682,139,4406,0.03126,0.04238
2004,30-45 y.,Urban regions,Single,0.25509,970,4406,0.24221,0.26796
2004,30-45 y.,Urban regions,Divorced,0.09371,352,4406,0.08510,0.10232
2004,30-45 y.,Rural regions,Married,0.62272,1400,2074,0.60186,0.64359
2004,30-45 y.,Rural regions,"Married, living apart",0.03591,68,2074,0.02790,0.04391
2004,30-45 y.,Rural regions,Single,0.23938,421,2074,0.22101,0.25775
2004,30-45 y.,Rural regions,Divorced,0.09029,185,2074,0.07796,0.10263
2004,46-65 y.,Urban regions,Married,0.68901,3794,4851,0.67599,0.70204
2004,46-65 y.,Urban regions,"Married, living apart",0.03071,134,4851,0.02585,0.03556
2004,46-65 y.,Urban regions,Single,0.08615,243,4851,0.07825,0.09404
2004,46-65 y.,Urban regions,Divorced,0.13961,477,4851,0.12986,0.14937
2004,46-65 y.,Urban regions,Widowed,0.05065,203,4851,0.04448,0.05682
2004,46-65 y.,Rural regions,Married,0.74274,2007,2486,0.72555,0.75993
2004,46-65 y.,Rural regions,"Married, living apart",0.02127,49,2486,0.01560,0.02694
2004,46-65 y.,Rural regions,Single,0.05940,93,2486,0.05011,0.06870
2004,46-65 y.,Rural regions,Divorced,0.11761,218,2486,0.10494,0.13027
2004,46-65 y.,Rural regions,Widowed,0.05541,119,2486,0.04641,0.06440
2004,66 and older,Urban regions,Married,0.55307,1597,2426,0.53328,0.57286
2004,66 and older,Urban regions,"Married, living apart",0.01622,39,2426,0.01119,0.02125
2004,66 and older,Urban regions,Single,0.04889,82,2426,0.04030,0.05747
2004,66 and older,Urban regions,Divorced,0.04970,102,2426,0.04105,0.05835
2004,66 and older,Urban regions,Widowed,0.30850,606,2426,0.29012,0.32689
2004,66 and older,Rural regions,Married,0.56938,830,1278,0.54222,0.59654
2004,66 and older,Rural regions,Single,0.03809,35,1278,0.02759,0.04859
2004,66 and older,Rural regions,Divorced,0.05300,62,1278,0.04072,0.06529
2004,66 and older,Rural regions,Widowed,0.32590,351,1278,0.30019,0.35161
2005,17-29 y.,Urban regions,Married,0.12399,295,2476,0.11100,0.13697
2005,17-29 y.,Urban regions,Single,0.85564,2181,2476,0.84179,0.86948
2005,17-29 y.,Rural regions,Married,0.07415,106,1288,0.05984,0.08847
2005,17-29 y.,Rural regions,Single,0.90432,1182,1288,0.88825,0.92039
2005,30-45 y.,Urban regions,Married,0.59686,2691,4111,0.58186,0.61186
2005,30-45 y.,Urban regions,"Married, living apart",0.03826,140,4111,0.03240,0.04413
2005,30-45 y.,Urban regions,Single,0.25731,934,4111,0.24394,0.27067
2005,30-45 y.,Urban regions,Divorced,0.10201,346,4111,0.09275,0.11126
2005,30-45 y.,Rural regions,Married,0.60999,1273,1930,0.58823,0.63176
2005,30-45 y.,Rural regions,"Married, living apart",0.03262,58,1930,0.02469,0.04055
2005,30-45 y.,Rural regions,Single,0.24293,410,1930,0.22379,0.26206
2005,30-45 y.,Rural regions,Divorced,0.10395,189,1930,0.09033,0.11757
2005,46-65 y.,Urban regions,Married,0.68293,3569,4591,0.66947,0.69639
2005,46-65 y.,Urban regions,"Married, living apart",0.03085,131,4591,0.02585,0.03585
2005,46-65 y.,Urban regions,Single,0.09479,250,4591,0.08632,0.10327
2005,46-65 y.,Urban regions,Divorced,0.14202,461,4591,0.13193,0.15212
2005,46-65 y.,Urban regions,Widowed,0.04452,180,4591,0.03855,0.05048
2005,46-65 y.,Rural regions,Married,0.74758,1931,2398,0.73019,0.76497
2005,46-65 y.,Rural regions,"Married, living apart",0.02473,54,2398,0.01852,0.03095
2005,46-65 y.,Rural regions,Single,0.05582,86,2398,0.04663,0.06501
2005,46-65 y.,Rural regions,Divorced,0.11830,217,2398,0.10537,0.13123
2005,46-65 y.,Rural regions,Widowed,0.05077,110,2398,0.04198,0.05955
2005,66 and older,Urban regions,Married,0.55379,1608,2449,0.53410,0.57349
2005,66 and older,Urban regions,"Married, living apart",0.01774,43,2449,0.01251,0.02297
2005,66 and older,Urban regions,Single,0.05089,89,2449,0.04218,0.05960
2005,66 and older,Urban regions,Divorced,0.05048,103,2449,0.04181,0.05915
2005,66 and older,Urban regions,Widowed,0.30514,606,2449,0.28690,0.32338
2005,66 and older,Rural regions,Married,0.57489,820,1267,0.54766,0.60213
2005,66 and older,Rural regions,Single,0.03594,33,1267,0.02569,0.04619
2005,66 and older,Rural regions,Divorced,0.05544,63,1267,0.04283,0.06804
2005,66 and older,Rural regions,Widowed,0.32135,351,1267,0.29563,0.34708
2006,17-29 y.,Urban regions,Married,0.12392,299,2546,0.11112,0.13672
2006,17-29 y.,Urban regions,Single,0.85495,2247,2546,0.84126,0.86863
2006,17-29 y.,Rural regions,Married,0.09041,127,1380,0.07527,0.10555
2006,17-29 y.,Rural regions,Single,0.89266,1253,1380,0.87632,0.90899
2006,30-45 y.,Urban regions,Married,0.60626,2751,4195,0.59147,0.62105
2006,30-45 y.,Urban regions,"Married, living apart",0.03711,138,4195,0.03139,0.04283
2006,30-45 y.,Urban regions,Single,0.25825,963,4195,0.24500,0.27149
2006,30-45 y.,Urban regions,Divorced,0.09280,343,4195,0.08402,0.10158
2006,30-45 y.,Rural regions,Married,0.59465,1338,2037,0.57332,0.61597
2006,30-45 y.,Rural regions,"Married, living apart",0.03245,56,2037,0.02475,0.04015
2006,30-45 y.,Rural regions,Single,0.25916,443,2037,0.24012,0.27819
2006,30-45 y.,Rural regions,Divorced,0.10482,200,2037,0.09151,0.11812
2006,46-65 y.,Urban regions,Married,0.67694,3773,4918,0.66387,0.69001
2006,46-65 y.,Urban regions,"Married, living apart",0.03288,148,4918,0.02789,0.03786
2006,46-65 y.,Urban regions,Single,0.09224,272,4918,0.08415,0.10033
2006,46-65 y.,Urban regions,Divorced,0.15325,544,4918,0.14318,0.16332
2006,46-65 y.,Urban regions,Widowed,0.04024,181,4918,0.03474,0.04573
2006,46-65 y.,Rural regions,Married,0.71777,2075,2627,0.70055,0.73498
2006,46-65 y.,Rural regions,"Married, living apart",0.02982,61,2627,0.02332,0.03633
2006,46-65 y.,Rural regions,Single,0.06127,106,2627,0.05210,0.07045
2006,46-65 y.,Rural regions,Divorced,0.13857,270,2627,0.12535,0.15178
2006,46-65 y.,Rural regions,Widowed,0.04681,115,2627,0.03873,0.05488
2006,66 and older,Urban regions,Married,0.54415,1867,2841,0.52583,0.56246
2006,66 and older,Urban regions,"Married, living apart",0.01879,52,2841,0.01379,0.02378
2006,66 and older,Urban regions,Single,0.05182,104,2841,0.04366,0.05997
2006,66 and older,Urban regions,Divorced,0.05280,121,2841,0.04458,0.06103
2006,66 and older,Urban regions,Widowed,0.31275,697,2841,0.29570,0.32980
2006,66 and older,Rural regions,Married,0.56352,996,1529,0.53865,0.58839
2006,66 and older,Rural regions,Single,0.04411,47,1529,0.03381,0.05440
2006,66 and older,Rural regions,Divorced,0.05845,77,1529,0.04669,0.07022
2006,66 and older,Rural regions,Widowed,0.31479,409,1529,0.29150,0.33808
2007,17-29 y.,Urban regions,Married,0.11109,261,2407,0.09853,0.12365
2007,17-29 y.,Urban regions,Single,0.87453,2146,2407,0.86129,0.88777
2007,17-29 y.,Rural regions,Married,0.09113,106,1284,0.07538,0.10687
2007,17-29 y.,Rural regions,Single,0.88898,1178,1284,0.87179,0.90617
2007,30-45 y.,Urban regions,Married,0.59326,2470,3800,0.57764,0.60888
2007,30-45 y.,Urban regions,"Married, living apart",0.03382,118,3800,0.02807,0.03957
2007,30-45 y.,Urban regions,Single,0.27019,892,3800,0.25607,0.28431
2007,30-45 y.,Urban regions,Divorced,0.09684,320,3800,0.08743,0.10624
2007,30-45 y.,Rural regions,Married,0.57355,1196,1865,0.55109,0.59600
2007,30-45 y.,Rural regions,"Married, living apart",0.02796,45,1865,0.02048,0.03544
2007,30-45 y.,Rural regions,Single,0.28403,439,1865,0.26356,0.30450
2007,30-45 y.,Rural regions,Divorced,0.10269,185,1865,0.08891,0.11647
2007,46-65 y.,Urban regions,Married,0.67142,3453,4551,0.65777,0.68506
2007,46-65 y.,Urban regions,"Married, living apart",0.03435,142,4551,0.02906,0.03964
2007,46-65 y.,Urban regions,Single,0.10096,281,4551,0.09221,0.10972
2007,46-65 y.,Urban regions,Divorced,0.14904,511,4551,0.13869,0.15939
2007,46-65 y.,Urban regions,Widowed,0.04092,164,4551,0.03517,0.04668
2007,46-65 y.,Rural regions,Married,0.71391,1932,2482,0.69613,0.73170
2007,46-65 y.,Rural regions,"Married, living apart",0.03370,63,2482,0.02660,0.04080
2007,46-65 y.,Rural regions,Single,0.06477,110,2482,0.05509,0.07445
2007,46-65 y.,Rural regions,Divorced,0.13341,264,2482,0.12003,0.14679
2007,46-65 y.,Rural regions,Widowed,0.05137,113,2482,0.04268,0.06005
2007,66 and older,Urban regions,Married,0.55686,1860,2794,0.53843,0.57528
2007,66 and older,Urban regions,"Married, living apart",0.02077,56,2794,0.01548,0.02605
2007,66 and older,Urban regions,Single,0.04810,97,2794,0.04017,0.05604
2007,66 and older,Urban regions,Divorced,0.06089,132,2794,0.05202,0.06975
2007,66 and older,Urban regions,Widowed,0.29469,649,2794,0.27778,0.31159
2007,66 and older,Rural regions,Married,0.58082,991,1489,0.55574,0.60589
2007,66 and older,Rural regions,Single,0.04060,42,1489,0.03057,0.05063
2007,66 and older,Rural regions,Divorced,0.06829,85,1489,0.05547,0.08110
2007,66 and older,Rural regions,Widowed,0.28957,371,1489,0.26653,0.31262
2008,17-29 y.,Urban regions,Married,0.10388,243,2240,0.09124,0.11652
2008,17-29 y.,Urban regions,Single,0.88393,1997,2240,0.87066,0.89720
2008,17-29 y.,Rural regions,Married,0.09528,96,1139,0.07822,0.11234
2008,17-29 y.,Rural regions,Single,0.88773,1043,1139,0.86938,0.90607
2008,30-45 y.,Urban regions,Married,0.58057,2178,3431,0.56405,0.59708
2008,30-45 y.,Urban regions,"Married, living apart",0.03147,112,3431,0.02563,0.03732
2008,30-45 y.,Urban regions,Single,0.29306,869,3431,0.27783,0.30829
2008,30-45 y.,Urban regions,Divorced,0.09087,272,3431,0.08125,0.10049
2008,30-45 y.,Rural regions,Married,0.57151,1082,1705,0.54802,0.59501
2008,30-45 y.,Rural regions,"Married, living apart",0.02861,45,1705,0.02070,0.03653
2008,30-45 y.,Rural regions,Single,0.29684,414,1705,0.27515,0.31853
2008,30-45 y.,Rural regions,Divorced,0.09369,164,1705,0.07986,0.10753
2008,46-65 y.,Urban regions,Married,0.66074,3235,4311,0.64660,0.67487
2008,46-65 y.,Urban regions,"Married, living apart",0.03321,132,4311,0.02786,0.03856
2008,46-65 y.,Urban regions,Single,0.10802,279,4311,0.09875,0.11728
2008,46-65 y.,Urban regions,Divorced,0.15271,509,4311,0.14197,0.16344
2008,46-65 y.,Urban regions,Widowed,0.04250,156,4311,0.03648,0.04853
2008,46-65 y.,Rural regions,Married,0.70013,1823,2358,0.68163,0.71862
2008,46-65 y.,Rural regions,"Married, living apart",0.03363,58,2358,0.02635,0.04091
2008,46-65 y.,Rural regions,Single,0.06444,101,2358,0.05453,0.07435
2008,46-65 y.,Rural regions,Divorced,0.14997,273,2358,0.13555,0.16438
2008,46-65 y.,Rural regions,Widowed,0.04843,103,2358,0.03976,0.05710
2008,66 and older,Urban regions,Married,0.55395,1850,2770,0.53543,0.57246
2008,66 and older,Urban regions,"Married, living apart",0.02020,53,2770,0.01496,0.02544
2008,66 and older,Urban regions,Single,0.04786,89,2770,0.03991,0.05582
2008,66 and older,Urban regions,Divorced,0.06917,143,2770,0.05972,0.07863
2008,66 and older,Urban regions,Widowed,0.29272,635,2770,0.27578,0.30967
2008,66 and older,Rural regions,Married,0.58555,987,1469,0.56035,0.61075
2008,66 and older,Rural regions,Single,0.04123,43,1469,0.03106,0.05140
2008,66 and older,Rural regions,Divorced,0.06334,80,1469,0.05088,0.07580
2008,66 and older,Rural regions,Widowed,0.28625,359,1469,0.26313,0.30937
2009,17-29 y.,Urban regions,Married,0.08746,175,2020,0.07513,0.09978
2009,17-29 y.,Urban regions,Single,0.90163,1845,2020,0.88864,0.91462
2009,17-29 y.,Rural regions,Married,0.08627,86,1036,0.06916,0.10337
2009,17-29 y.,Rural regions,Single,0.89300,950,1036,0.87416,0.91183
2009,30-45 y.,Urban regions,Married,0.57261,1902,3059,0.55508,0.59015
2009,30-45 y.,Urban regions,"Married, living apart",0.02819,96,3059,0.02232,0.03406
2009,30-45 y.,Urban regions,Single,0.31147,831,3059,0.29506,0.32789
2009,30-45 y.,Urban regions,Divorced,0.08282,230,3059,0.07305,0.09259
2009,30-45 y.,Rural regions,Married,0.56832,996,1588,0.54395,0.59269
2009,30-45 y.,Rural regions,"Married, living apart",0.03477,43,1588,0.02576,0.04378
2009,30-45 y.,Rural regions,Single,0.30963,406,1588,0.28688,0.33238
2009,30-45 y.,Rural regions,Divorced,0.07781,143,1588,0.06463,0.09099
2009,46-65 y.,Urban regions,Married,0.65640,2964,4021,0.64172,0.67108
2009,46-65 y.,Urban regions,"Married, living apart",0.03367,126,4021,0.02810,0.03925
2009,46-65 y.,Urban regions,Single,0.10660,268,4021,0.09706,0.11614
2009,46-65 y.,Urban regions,Divorced,0.15890,513,4021,0.14760,0.17020
2009,46-65 y.,Urban regions,Widowed,0.04190,150,4021,0.03571,0.04809
2009,46-65 y.,Rural regions,Married,0.69834,1746,2283,0.67951,0.71717
2009,46-65 y.,Rural regions,"Married, living apart",0.03091,47,2283,0.02381,0.03801
2009,46-65 y.,Rural regions,Single,0.06968,103,2283,0.05923,0.08013
2009,46-65 y.,Rural regions,Divorced,0.15574,293,2283,0.14086,0.17062
2009,46-65 y.,Rural regions,Widowed,0.04219,94,2283,0.03395,0.05044
2009,66 and older,Urban regions,Married,0.54826,1775,2674,0.52939,0.56712
2009,66 and older,Urban regions,"Married, living apart",0.02223,55,2674,0.01664,0.02782
2009,66 and older,Urban regions,Single,0.05001,91,2674,0.04175,0.05827
2009,66 and older,Urban regions,Divorced,0.06850,137,2674,0.05893,0.07808
2009,66 and older,Urban regions,Widowed,0.29681,616,2674,0.27949,0.31413
2009,66 and older,Rural regions,Married,0.60039,976,1441,0.57509,0.62569
2009,66 and older,Rural regions,Single,0.04063,41,1441,0.03043,0.05083
2009,66 and older,Rural regions,Divorced,0.06248,76,1441,0.04998,0.07499
2009,66 and older,Rural regions,Widowed,0.27708,348,1441,0.25396,0.30019
2010,17-29 y.,Urban regions,Married,0.08572,579,2754,0.07526,0.09618
2010,17-29 y.,Urban regions,Single,0.89368,2175,2754,0.88217,0.90519
2010,17-29 y.,Rural regions,Married,0.07600,262,1441,0.06232,0.08969
2010,17-29 y.,Rural regions,Single,0.91307,1179,1441,0.89851,0.92762
2010,30-45 y.,Urban regions,Married,0.56212,4024,5934,0.54950,0.57475
2010,30-45 y.,Urban regions,"Married, living apart",0.03386,178,5934,0.02926,0.03846
2010,30-45 y.,Urban regions,Single,0.31914,1243,5934,0.30728,0.33100
2010,30-45 y.,Urban regions,Divorced,0.08043,489,5934,0.07351,0.08735
2010,30-45 y.,Rural regions,Married,0.56850,2090,3075,0.55099,0.58601
2010,30-45 y.,Rural regions,"Married, living apart",0.03129,80,3075,0.02513,0.03744
2010,30-45 y.,Rural regions,Single,0.31955,646,3075,0.30306,0.33603
2010,30-45 y.,Rural regions,Divorced,0.07101,259,3075,0.06193,0.08009
2010,46-65 y.,Urban regions,Married,0.64721,3133,4440,0.63315,0.66126
2010,46-65 y.,Urban regions,"Married, living apart",0.03379,160,4440,0.02847,0.03910
2010,46-65 y.,Urban regions,Single,0.11305,337,4440,0.10374,0.12237
2010,46-65 y.,Urban regions,Divorced,0.16698,665,4440,0.15600,0.17795
2010,46-65 y.,Urban regions,Widowed,0.03598,145,4440,0.03050,0.04146
2010,46-65 y.,Rural regions,Married,0.70167,1836,2483,0.68367,0.71967
2010,46-65 y.,Rural regions,"Married, living apart",0.02810,65,2483,0.02160,0.03460
2010,46-65 y.,Rural regions,Single,0.07168,121,2483,0.06153,0.08182
2010,46-65 y.,Rural regions,Divorced,0.15452,361,2483,0.14030,0.16874
2010,46-65 y.,Rural regions,Widowed,0.04107,100,2483,0.03326,0.04888
2010,66 and older,Urban regions,Married,0.54653,1713,2596,0.52738,0.56569
2010,66 and older,Urban regions,"Married, living apart",0.02239,56,2596,0.01670,0.02808
2010,66 and older,Urban regions,Single,0.04860,88,2596,0.04033,0.05688
2010,66 and older,Urban regions,Divorced,0.07286,144,2596,0.06286,0.08286
2010,66 and older,Urban regions,Widowed,0.29788,595,2596,0.28028,0.31548
2010,66 and older,Rural regions,Married,0.61137,945,1384,0.58568,0.63706
2010,66 and older,Rural regions,Single,0.03548,35,1384,0.02573,0.04523
2010,66 and older,Rural regions,Divorced,0.06790,75,1384,0.05464,0.08116
2010,66 and older,Rural regions,Widowed,0.26638,329,1384,0.24308,0.28968
2011,17-29 y.,Urban regions,Married,0.08016,444,2944,0.07035,0.08998
2011,17-29 y.,Urban regions,Single,0.90247,2500,2944,0.89175,0.91319
2011,17-29 y.,Rural regions,Married,0.07778,247,1642,0.06482,0.09074
2011,17-29 y.,Rural regions,Single,0.90806,1395,1642,0.89408,0.92204
2011,30-45 y.,Urban regions,Married,0.55482,4299,6363,0.54261,0.56703
2011,30-45 y.,Urban regions,"Married, living apart",0.02709,192,6363,0.02310,0.03108
2011,30-45 y.,Urban regions,Single,0.33282,1344,6363,0.32124,0.34440
2011,30-45 y.,Urban regions,Divorced,0.07822,528,6363,0.07162,0.08482
2011,30-45 y.,Rural regions,Married,0.56564,2324,3422,0.54903,0.58225
2011,30-45 y.,Rural regions,"Married, living apart",0.02772,107,3422,0.02222,0.03322
2011,30-45 y.,Rural regions,Single,0.31598,704,3422,0.30041,0.33156
2011,30-45 y.,Rural regions,Divorced,0.07559,287,3422,0.06673,0.08445
2011,46-65 y.,Urban regions,Married,0.63816,3903,5662,0.62564,0.65068
2011,46-65 y.,Urban regions,"Married, living apart",0.03650,213,5662,0.03162,0.04139
2011,46-65 y.,Urban regions,Single,0.11958,483,5662,0.11113,0.12803
2011,46-65 y.,Urban regions,Divorced,0.16215,863,5662,0.15255,0.17175
2011,46-65 y.,Urban regions,Widowed,0.03889,200,5662,0.03385,0.04393
2011,46-65 y.,Rural regions,Married,0.69296,2462,3394,0.67744,0.70848
2011,46-65 y.,Rural regions,"Married, living apart",0.02470,80,3394,0.01948,0.02992
2011,46-65 y.,Rural regions,Single,0.08110,208,3394,0.07192,0.09029
2011,46-65 y.,Rural regions,Divorced,0.15311,502,3394,0.14099,0.16523
2011,46-65 y.,Rural regions,Widowed,0.04205,142,3394,0.03530,0.04881
2011,66 and older,Urban regions,Married,0.55937,2179,3292,0.54241,0.57633
2011,66 and older,Urban regions,"Married, living apart",0.02188,67,3292,0.01688,0.02687
2011,66 and older,Urban regions,Single,0.05250,130,3292,0.04488,0.06012
2011,66 and older,Urban regions,Divorced,0.07448,191,3292,0.06551,0.08345
2011,66 and older,Urban regions,Widowed,0.28126,725,3292,0.26590,0.29663
2011,66 and older,Rural regions,Married,0.61051,1232,1795,0.58795,0.63308
2011,66 and older,Rural regions,Single,0.03795,55,1795,0.02911,0.04679
2011,66 and older,Rural regions,Divorced,0.06658,97,1795,0.05505,0.07812
2011,66 and older,Rural regions,Widowed,0.26599,411,1795,0.24554,0.28644
2012,17-29 y.,Urban regions,Married,0.09110,387,2880,0.08059,0.10161
2012,17-29 y.,Urban regions,Single,0.89642,2493,2880,0.88528,0.90755
2012,17-29 y.,Rural regions,Married,0.09033,187,1562,0.07611,0.10455
2012,17-29 y.,Rural regions,Single,0.89426,1375,1562,0.87900,0.90951
2012,30-45 y.,Urban regions,Married,0.55250,3849,5799,0.53971,0.56530
2012,30-45 y.,Urban regions,"Married, living apart",0.03142,189,5799,0.02693,0.03591
2012,30-45 y.,Urban regions,Single,0.33450,1251,5799,0.32235,0.34664
2012,30-45 y.,Urban regions,Divorced,0.07619,510,5799,0.06936,0.08302
2012,30-45 y.,Rural regions,Married,0.57168,2148,3211,0.55456,0.58880
2012,30-45 y.,Rural regions,"Married, living apart",0.02845,102,3211,0.02270,0.03420
2012,30-45 y.,Rural regions,Single,0.31623,681,3211,0.30015,0.33232
2012,30-45 y.,Rural regions,Divorced,0.07735,280,3211,0.06811,0.08660
2012,46-65 y.,Urban regions,Married,0.64352,3914,5758,0.63114,0.65589
2012,46-65 y.,Urban regions,"Married, living apart",0.03351,213,5758,0.02886,0.03816
2012,46-65 y.,Urban regions,Single,0.12098,518,5758,0.11255,0.12940
2012,46-65 y.,Urban regions,Divorced,0.16071,908,5758,0.15122,0.17019
2012,46-65 y.,Urban regions,Widowed,0.03718,205,5758,0.03229,0.04207
2012,46-65 y.,Rural regions,Married,0.68898,2572,3584,0.67382,0.70414
2012,46-65 y.,Rural regions,"Married, living apart",0.02374,81,3584,0.01875,0.02872
2012,46-65 y.,Rural regions,Single,0.08481,237,3584,0.07569,0.09393
2012,46-65 y.,Rural regions,Divorced,0.15651,546,3584,0.14462,0.16841
2012,46-65 y.,Rural regions,Widowed,0.04274,148,3584,0.03612,0.04936
2012,66 and older,Urban regions,Married,0.57733,2201,3284,0.56043,0.59423
2012,66 and older,Urban regions,"Married, living apart",0.02261,67,3284,0.01753,0.02770
2012,66 and older,Urban regions,Single,0.05376,128,3284,0.04605,0.06148
2012,66 and older,Urban regions,Divorced,0.07655,201,3284,0.06745,0.08564
2012,66 and older,Urban regions,Widowed,0.25968,687,3284,0.24468,0.27468
2012,66 and older,Rural regions,Married,0.61642,1282,1863,0.59434,0.63851
2012,66 and older,Rural regions,Single,0.03765,58,1863,0.02901,0.04630
2012,66 and older,Rural regions,Divorced,0.07007,109,1863,0.05848,0.08167
2012,66 and older,Rural regions,Widowed,0.25634,414,1863,0.23650,0.27617
2013,17-29 y.,Urban regions,Married,0.09532,540,3728,0.08589,0.10475
2013,17-29 y.,Urban regions,Single,0.89201,3188,3728,0.88204,0.90197
2013,17-29 y.,Rural regions,Married,0.07670,199,1740,0.06419,0.08921
2013,17-29 y.,Rural regions,Single,0.90462,1541,1740,0.89081,0.91842
2013,30-45 y.,Urban regions,Married,0.55177,4708,6960,0.54009,0.56345
2013,30-45 y.,Urban regions,"Married, living apart",0.03574,255,6960,0.03138,0.04010
2013,30-45 y.,Urban regions,Single,0.33653,1402,6960,0.32543,0.34764
2013,30-45 y.,Urban regions,Divorced,0.06914,562,6960,0.06318,0.07510
2013,30-45 y.,Urban regions,Widowed,0.00425,33,6960,0.00272,0.00578
2013,30-45 y.,Rural regions,Married,0.54299,2286,3367,0.52616,0.55982
2013,30-45 y.,Rural regions,"Married, living apart",0.04025,118,3367,0.03361,0.04689
2013,30-45 y.,Rural regions,Single,0.33810,692,3367,0.32212,0.35408
2013,30-45 y.,Rural regions,Divorced,0.07080,271,3367,0.06213,0.07946
2013,46-65 y.,Urban regions,Married,0.64361,4432,6430,0.63190,0.65531
2013,46-65 y.,Urban regions,"Married, living apart",0.02869,218,6430,0.02460,0.03277
2013,46-65 y.,Urban regions,Single,0.12652,558,6430,0.11839,0.13465
2013,46-65 y.,Urban regions,Divorced,0.16205,998,6430,0.15304,0.17106
2013,46-65 y.,Urban regions,Widowed,0.03583,224,6430,0.03128,0.04037
2013,46-65 y.,Rural regions,Married,0.67841,2670,3725,0.66341,0.69342
2013,46-65 y.,Rural regions,"Married, living apart",0.02502,92,3725,0.02001,0.03004
2013,46-65 y.,Rural regions,Single,0.09068,245,3725,0.08146,0.09991
2013,46-65 y.,Rural regions,Divorced,0.16051,571,3725,0.14872,0.17230
2013,46-65 y.,Rural regions,Widowed,0.04161,147,3725,0.03520,0.04802
2013,66 and older,Urban regions,Married,0.56125,2142,3221,0.54411,0.57839
2013,66 and older,Urban regions,"Married, living apart",0.02072,65,3221,0.01580,0.02565
2013,66 and older,Urban regions,Single,0.05705,126,3221,0.04904,0.06506
2013,66 and older,Urban regions,Divorced,0.08710,215,3221,0.07736,0.09684
2013,66 and older,Urban regions,Widowed,0.26400,673,3221,0.24878,0.27923
2013,66 and older,Rural regions,Married,0.60426,1209,1769,0.58147,0.62706
2013,66 and older,Rural regions,Single,0.04182,51,1769,0.03249,0.05115
2013,66 and older,Rural regions,Divorced,0.06776,110,1769,0.05605,0.07948
2013,66 and older,Rural regions,Widowed,0.26241,399,1769,0.24191,0.28292
2014,17-29 y.,Urban regions,Married,0.08925,369,3245,0.07944,0.09906
2014,17-29 y.,Urban regions,Single,0.89666,2876,3245,0.88618,0.90713
2014,17-29 y.,Rural regions,Married,0.06694,150,1544,0.05447,0.07941
2014,17-29 y.,Rural regions,Single,0.92166,1394,1544,0.90825,0.93507
2014,30-45 y.,Urban regions,Married,0.55001,3807,5621,0.53700,0.56302
2014,30-45 y.,Urban regions,"Married, living apart",0.03341,177,5621,0.02872,0.03811
2014,30-45 y.,Urban regions,Single,0.34057,1190,5621,0.32818,0.35296
2014,30-45 y.,Urban regions,Divorced,0.07033,447,5621,0.06365,0.07702
2014,30-45 y.,Rural regions,Married,0.55173,1935,2842,0.53344,0.57001
2014,30-45 y.,Rural regions,"Married, living apart",0.03847,93,2842,0.03140,0.04555
2014,30-45 y.,Rural regions,Single,0.33104,596,2842,0.31373,0.34834
2014,30-45 y.,Rural regions,Divorced,0.07332,218,2842,0.06374,0.08291
2014,46-65 y.,Urban regions,Married,0.64151,4055,5877,0.62925,0.65377
2014,46-65 y.,Urban regions,"Married, living apart",0.03641,210,5877,0.03162,0.04120
2014,46-65 y.,Urban regions,Single,0.12401,515,5877,0.11558,0.13244
2014,46-65 y.,Urban regions,Divorced,0.16223,909,5877,0.15280,0.17166
2014,46-65 y.,Urban regions,Widowed,0.03369,188,5877,0.02908,0.03830
2014,46-65 y.,Rural regions,Married,0.66452,2417,3412,0.64867,0.68036
2014,46-65 y.,Rural regions,"Married, living apart",0.02412,88,3412,0.01897,0.02927
2014,46-65 y.,Rural regions,Single,0.10131,242,3412,0.09118,0.11144
2014,46-65 y.,Rural regions,Divorced,0.16552,524,3412,0.15304,0.17799
2014,46-65 y.,Rural regions,Widowed,0.04297,141,3412,0.03616,0.04977
2014,66 and older,Urban regions,Married,0.55490,2079,3140,0.53751,0.57229
2014,66 and older,Urban regions,"Married, living apart",0.02135,65,3140,0.01629,0.02641
2014,66 and older,Urban regions,Single,0.05791,120,3140,0.04974,0.06608
2014,66 and older,Urban regions,Divorced,0.09159,215,3140,0.08150,0.10168
2014,66 and older,Urban regions,Widowed,0.26642,661,3140,0.25095,0.28189
2014,66 and older,Rural regions,Married,0.60068,1220,1761,0.57780,0.62356
2014,66 and older,Rural regions,Single,0.03927,43,1761,0.03019,0.04834
2014,66 and older,Rural regions,Divorced,0.07049,108,1761,0.05853,0.08245
2014,66 and older,Rural regions,Widowed,0.26326,390,1761,0.24269,0.28384
2015,17-29 y.,Urban regions,Married,0.09896,451,3342,0.08884,0.10909
2015,17-29 y.,Urban regions,Single,0.88430,2891,3342,0.87345,0.89515
2015,17-29 y.,Rural regions,Married,0.07543,183,1571,0.06236,0.08849
2015,17-29 y.,Rural regions,Single,0.90745,1388,1571,0.89311,0.92178
2015,30-45 y.,Urban regions,Married,0.52211,3685,5486,0.50889,0.53533
2015,30-45 y.,Urban regions,"Married, living apart",0.02998,159,5486,0.02547,0.03450
2015,30-45 y.,Urban regions,Single,0.37295,1261,5486,0.36015,0.38575
2015,30-45 y.,Urban regions,Divorced,0.06917,381,5486,0.06246,0.07589
2015,30-45 y.,Rural regions,Married,0.51555,1849,2742,0.49684,0.53426
2015,30-45 y.,Rural regions,"Married, living apart",0.04102,97,2742,0.03359,0.04844
2015,30-45 y.,Rural regions,Single,0.36530,608,2742,0.34728,0.38333
2015,30-45 y.,Rural regions,Divorced,0.07135,188,2742,0.06171,0.08098
2015,46-65 y.,Urban regions,Married,0.62881,3947,5790,0.61637,0.64126
2015,46-65 y.,Urban regions,"Married, living apart",0.03282,204,5790,0.02823,0.03741
2015,46-65 y.,Urban regions,Single,0.13702,570,5790,0.12816,0.14588
2015,46-65 y.,Urban regions,Divorced,0.16504,898,5790,0.15548,0.17460
2015,46-65 y.,Urban regions,Widowed,0.03435,171,5790,0.02966,0.03905
2015,46-65 y.,Rural regions,Married,0.65566,2334,3318,0.63949,0.67183
2015,46-65 y.,Rural regions,"Married, living apart",0.02215,88,3318,0.01714,0.02716
2015,46-65 y.,Rural regions,Single,0.09983,257,3318,0.08963,0.11004
2015,46-65 y.,Rural regions,Divorced,0.17881,514,3318,0.16577,0.19186
2015,46-65 y.,Rural regions,Widowed,0.04191,125,3318,0.03509,0.04873
2015,66 and older,Urban regions,Married,0.55638,2044,3076,0.53882,0.57394
2015,66 and older,Urban regions,"Married, living apart",0.02364,69,3076,0.01827,0.02901
2015,66 and older,Urban regions,Single,0.05907,121,3076,0.05074,0.06740
2015,66 and older,Urban regions,Divorced,0.09148,211,3076,0.08129,0.10167
2015,66 and older,Urban regions,Widowed,0.26051,631,3076,0.24500,0.27602
2015,66 and older,Rural regions,Married,0.56889,1203,1770,0.54582,0.59197
2015,66 and older,Rural regions,Single,0.04567,46,1770,0.03594,0.05540
2015,66 and older,Rural regions,Divorced,0.08133,118,1770,0.06859,0.09407
2015,66 and older,Rural regions,Widowed,0.27799,403,1770,0.25712,0.29887
2016,17-29 y.,Urban regions,Married,0.09046,566,3727,0.08125,0.09967
2016,17-29 y.,Urban regions,"Married, living apart",0.00524,52,3727,0.00292,0.00756
2016,17-29 y.,Urban regions,Single,0.89819,3109,3727,0.88848,0.90790
2016,17-29 y.,Rural regions,Married,0.08363,275,1739,0.07062,0.09665
2016,17-29 y.,Rural regions,Single,0.89281,1464,1739,0.87827,0.90736
2016,30-45 y.,Urban regions,Married,0.53949,4014,5715,0.52657,0.55242
2016,30-45 y.,Urban regions,"Married, living apart",0.03203,228,5715,0.02747,0.03660
2016,30-45 y.,Urban regions,Single,0.35913,1133,5715,0.34669,0.37157
2016,30-45 y.,Urban regions,Divorced,0.06172,340,5715,0.05548,0.06796
2016,30-45 y.,Rural regions,Married,0.50374,1923,2795,0.48520,0.52228
2016,30-45 y.,Rural regions,"Married, living apart",0.04604,140,2795,0.03827,0.05381
2016,30-45 y.,Rural regions,Single,0.36030,546,2795,0.34250,0.37810
2016,30-45 y.,Rural regions,Divorced,0.08339,186,2795,0.07313,0.09364
2016,46-65 y.,Urban regions,Married,0.62352,3910,5714,0.61096,0.63609
2016,46-65 y.,Urban regions,"Married, living apart",0.03213,215,5714,0.02756,0.03670
2016,46-65 y.,Urban regions,Single,0.14058,543,5714,0.13157,0.14960
2016,46-65 y.,Urban regions,Divorced,0.16687,869,5714,0.15720,0.17654
2016,46-65 y.,Urban regions,Widowed,0.03413,177,5714,0.02942,0.03884
2016,46-65 y.,Rural regions,Married,0.65511,2316,3258,0.63878,0.67143
2016,46-65 y.,Rural regions,"Married, living apart",0.01996,100,3258,0.01516,0.02476
2016,46-65 y.,Rural regions,Single,0.10622,242,3258,0.09564,0.11680
2016,46-65 y.,Rural regions,Divorced,0.17528,484,3258,0.16223,0.18834
2016,46-65 y.,Rural regions,Widowed,0.03834,116,3258,0.03175,0.04494
2016,66 and older,Urban regions,Married,0.55051,1954,2961,0.53259,0.56843
2016,66 and older,Urban regions,"Married, living apart",0.02540,69,2961,0.01973,0.03107
2016,66 and older,Urban regions,Single,0.05916,112,2961,0.05066,0.06766
2016,66 and older,Urban regions,Divorced,0.09362,208,2961,0.08313,0.10412
2016,66 and older,Urban regions,Widowed,0.26189,618,2961,0.24605,0.27773
2016,66 and older,Rural regions,Married,0.57234,1182,1721,0.54896,0.59572
2016,66 and older,Rural regions,Single,0.04428,41,1721,0.03456,0.05400
2016,66 and older,Rural regions,Divorced,0.08264,119,1721,0.06963,0.09566
2016,66 and older,Rural regions,Widowed,0.27530,379,1721,0.25419,0.29641
2017,17-29 y.,Urban regions,Married,0.08331,670,4384,0.07513,0.09149
2017,17-29 y.,Urban regions,"Married, living apart",0.00863,55,4384,0.00589,0.01137
2017,17-29 y.,Urban regions,Single,0.90140,3659,4384,0.89257,0.91022
2017,17-29 y.,Rural regions,Married,0.08293,321,2092,0.07111,0.09475
2017,17-29 y.,Rural regions,"Married, living apart",0.01445,40,2092,0.00934,0.01957
2017,17-29 y.,Rural regions,Single,0.88925,1731,2092,0.87580,0.90270
2017,30-45 y.,Urban regions,Married,0.52711,4201,6105,0.51458,0.53963
2017,30-45 y.,Urban regions,"Married, living apart",0.03752,267,6105,0.03275,0.04229
2017,30-45 y.,Urban regions,Single,0.36123,1250,6105,0.34918,0.37329
2017,30-45 y.,Urban regions,Divorced,0.06767,355,6105,0.06137,0.07397
2017,30-45 y.,Urban regions,Widowed,0.00357,32,6105,0.00208,0.00507
2017,30-45 y.,Rural regions,Married,0.51669,2032,2966,0.49870,0.53468
2017,30-45 y.,Rural regions,"Married, living apart",0.03061,124,2966,0.02441,0.03681
2017,30-45 y.,Rural regions,Single,0.37482,627,2966,0.35740,0.39225
2017,30-45 y.,Rural regions,Divorced,0.07055,183,2966,0.06134,0.07977
2017,46-65 y.,Urban regions,Married,0.63273,4601,6681,0.62117,0.64430
2017,46-65 y.,Urban regions,"Married, living apart",0.03080,264,6681,0.02665,0.03494
2017,46-65 y.,Urban regions,Single,0.13881,627,6681,0.13052,0.14710
2017,46-65 y.,Urban regions,Divorced,0.16443,988,6681,0.15554,0.17332
2017,46-65 y.,Urban regions,Widowed,0.03110,201,6681,0.02694,0.03526
2017,46-65 y.,Rural regions,Married,0.64945,2736,3867,0.63441,0.66449
2017,46-65 y.,Rural regions,"Married, living apart",0.02314,111,3867,0.01840,0.02788
2017,46-65 y.,Rural regions,Single,0.11353,310,3867,0.10353,0.12353
2017,46-65 y.,Rural regions,Divorced,0.17292,569,3867,0.16100,0.18484
2017,46-65 y.,Rural regions,Widowed,0.03841,141,3867,0.03235,0.04447
2017,66 and older,Urban regions,Married,0.53681,2048,3111,0.51929,0.55434
2017,66 and older,Urban regions,"Married, living apart",0.02446,66,3111,0.01903,0.02989
2017,66 and older,Urban regions,Single,0.06118,116,3111,0.05275,0.06960
2017,66 and older,Urban regions,Divorced,0.10573,249,3111,0.09492,0.11654
2017,66 and older,Urban regions,Widowed,0.26332,632,3111,0.24784,0.27880
2017,66 and older,Rural regions,Married,0.57264,1273,1830,0.54996,0.59531
2017,66 and older,Rural regions,Single,0.04624,47,1830,0.03662,0.05587
2017,66 and older,Rural regions,Divorced,0.08961,131,1830,0.07652,0.10270
2017,66 and older,Rural regions,Widowed,0.26430,379,1830,0.24409,0.28451
2018,17-29 y.,Urban regions,Married,0.09023,598,4171,0.08153,0.09892
2018,17-29 y.,Urban regions,"Married, living apart",0.01189,54,4171,0.00860,0.01519
2018,17-29 y.,Urban regions,Single,0.89318,3519,4171,0.88380,0.90255
2018,17-29 y.,Rural regions,Married,0.07912,251,1888,0.06694,0.09130
2018,17-29 y.,Rural regions,Single,0.88565,1637,1888,0.87129,0.90001
2018,30-45 y.,Urban regions,Married,0.53757,3840,5701,0.52463,0.55052
2018,30-45 y.,Urban regions,"Married, living apart",0.03220,217,5701,0.02762,0.03678
2018,30-45 y.,Urban regions,Single,0.36965,1287,5701,0.35712,0.38218
2018,30-45 y.,Urban regions,Divorced,0.05739,357,5701,0.05135,0.06343
2018,30-45 y.,Rural regions,Married,0.52412,1818,2674,0.50519,0.54305
2018,30-45 y.,Rural regions,"Married, living apart",0.02687,98,2674,0.02074,0.03300
2018,30-45 y.,Rural regions,Single,0.36543,579,2674,0.34718,0.38369
2018,30-45 y.,Rural regions,Divorced,0.07686,179,2674,0.06676,0.08696
2018,46-65 y.,Urban regions,Married,0.62213,4378,6514,0.61036,0.63391
2018,46-65 y.,Urban regions,"Married, living apart",0.03429,282,6514,0.02987,0.03871
2018,46-65 y.,Urban regions,Single,0.13441,626,6514,0.12613,0.14270
2018,46-65 y.,Urban regions,Divorced,0.17213,1010,6514,0.16296,0.18130
2018,46-65 y.,Urban regions,Widowed,0.03519,218,6514,0.03071,0.03966
2018,46-65 y.,Rural regions,Married,0.63646,2594,3722,0.62101,0.65192
2018,46-65 y.,Rural regions,"Married, living apart",0.02944,128,3722,0.02401,0.03487
2018,46-65 y.,Rural regions,Single,0.12190,320,3722,0.11139,0.13241
2018,46-65 y.,Rural regions,Divorced,0.17273,550,3722,0.16058,0.18488
2018,46-65 y.,Rural regions,Widowed,0.03807,130,3722,0.03192,0.04422
2018,66 and older,Urban regions,Married,0.54560,2057,3148,0.52821,0.56300
2018,66 and older,Urban regions,"Married, living apart",0.02392,67,3148,0.01858,0.02926
2018,66 and older,Urban regions,Single,0.05805,118,3148,0.04988,0.06622
2018,66 and older,Urban regions,Divorced,0.11219,284,3148,0.10117,0.12322
2018,66 and older,Urban regions,Widowed,0.25137,622,3148,0.23622,0.26653
2018,66 and older,Rural regions,Married,0.58087,1251,1815,0.55817,0.60358
2018,66 and older,Rural regions,Single,0.04723,49,1815,0.03747,0.05699
2018,66 and older,Rural regions,Divorced,0.09652,148,1815,0.08293,0.11011
2018,66 and older,Rural regions,Widowed,0.25370,367,1815,0.23367,0.27372
2019,17-29 y.,Urban regions,Married,0.09615,492,3571,0.08648,0.10582
2019,17-29 y.,Urban regions,"Married, living apart",0.00518,31,3571,0.00283,0.00754
2019,17-29 y.,Urban regions,Single,0.87920,3048,3571,0.86851,0.88989
2019,17-29 y.,Rural regions,Married,0.06946,188,1561,0.05684,0.08207
2019,17-29 y.,Rural regions,Single,0.88740,1373,1561,0.87172,0.90309
2019,30-45 y.,Urban regions,Married,0.55238,3525,5231,0.53890,0.56585
2019,30-45 y.,Urban regions,"Married, living apart",0.02495,176,5231,0.02073,0.02918
2019,30-45 y.,Urban regions,Single,0.35802,1204,5231,0.34502,0.37101
2019,30-45 y.,Urban regions,Divorced,0.06148,326,5231,0.05497,0.06799
2019,30-45 y.,Rural regions,Married,0.50870,1681,2527,0.48920,0.52820
2019,30-45 y.,Rural regions,"Married, living apart",0.03053,93,2527,0.02382,0.03724
2019,30-45 y.,Rural regions,Single,0.38165,587,2527,0.36270,0.40059
2019,30-45 y.,Rural regions,Divorced,0.06718,166,2527,0.05742,0.07694
2019,46-65 y.,Urban regions,Married,0.63174,4827,6976,0.62042,0.64306
2019,46-65 y.,Urban regions,"Married, living apart",0.03637,263,6976,0.03198,0.04077
2019,46-65 y.,Urban regions,Single,0.13262,660,6976,0.12466,0.14058
2019,46-65 y.,Urban regions,Divorced,0.16184,1013,6976,0.15319,0.17048
2019,46-65 y.,Urban regions,Widowed,0.03533,213,6976,0.03100,0.03966
2019,46-65 y.,Rural regions,Married,0.62646,2730,3866,0.61121,0.64171
2019,46-65 y.,Rural regions,"Married, living apart",0.03073,117,3866,0.02529,0.03617
2019,46-65 y.,Rural regions,Single,0.12148,321,3866,0.11118,0.13178
2019,46-65 y.,Rural regions,Divorced,0.18715,579,3866,0.17485,0.19944
2019,46-65 y.,Rural regions,Widowed,0.03282,119,3866,0.02721,0.03844
2019,66 and older,Urban regions,Married,0.54512,2158,3222,0.52792,0.56231
2019,66 and older,Urban regions,"Married, living apart",0.01507,47,3222,0.01086,0.01928
2019,66 and older,Urban regions,Single,0.06399,128,3222,0.05553,0.07244
2019,66 and older,Urban regions,Divorced,0.12059,308,3222,0.10934,0.13184
2019,66 and older,Urban regions,Widowed,0.24708,581,3222,0.23218,0.26198
2019,66 and older,Rural regions,Married,0.57009,1279,1859,0.54758,0.59260
2019,66 and older,Rural regions,Single,0.04405,47,1859,0.03472,0.05338
2019,66 and older,Rural regions,Divorced,0.11245,170,1859,0.09809,0.12682
2019,66 and older,Rural regions,Widowed,0.26027,363,1859,0.24032,0.28022
2020,17-29 y.,Urban regions,Married,0.07064,603,4331,0.06301,0.07827
2020,17-29 y.,Urban regions,"Married, living apart",0.00649,41,4331,0.00410,0.00888
2020,17-29 y.,Urban regions,Single,0.91381,3653,4331,0.90545,0.92217
2020,17-29 y.,Urban regions,Divorced,0.00323,34,4331,0.00154,0.00492
2020,17-29 y.,Rural regions,Married,0.07536,205,1641,0.06258,0.08813
2020,17-29 y.,Rural regions,Single,0.91005,1436,1641,0.89620,0.92389
2020,30-45 y.,Urban regions,Married,0.51673,3745,5895,0.50398,0.52949
2020,30-45 y.,Urban regions,"Married, living apart",0.01926,183,5895,0.01575,0.02277
2020,30-45 y.,Urban regions,Single,0.40147,1599,5895,0.38895,0.41398
2020,30-45 y.,Urban regions,Divorced,0.05768,368,5895,0.05173,0.06364
2020,30-45 y.,Rural regions,Married,0.49947,1646,2515,0.47992,0.51901
2020,30-45 y.,Rural regions,"Married, living apart",0.02712,69,2515,0.02077,0.03347
2020,30-45 y.,Rural regions,Single,0.39456,639,2515,0.37546,0.41367
2020,30-45 y.,Rural regions,Divorced,0.07380,161,2515,0.06358,0.08402
2020,46-65 y.,Urban regions,Married,0.63467,4687,6854,0.62327,0.64607
2020,46-65 y.,Urban regions,"Married, living apart",0.03342,256,6854,0.02916,0.03767
2020,46-65 y.,Urban regions,Single,0.13909,716,6854,0.13089,0.14728
2020,46-65 y.,Urban regions,Divorced,0.15410,980,6854,0.14555,0.16265
2020,46-65 y.,Urban regions,Widowed,0.03655,215,6854,0.03210,0.04099
2020,46-65 y.,Rural regions,Married,0.63497,2571,3641,0.61933,0.65061
2020,46-65 y.,Rural regions,"Married, living apart",0.03413,123,3641,0.02823,0.04002
2020,46-65 y.,Rural regions,Single,0.11963,327,3641,0.10909,0.13018
2020,46-65 y.,Rural regions,Divorced,0.17558,497,3641,0.16322,0.18794
2020,46-65 y.,Rural regions,Widowed,0.03440,123,3641,0.02848,0.04032
2020,66 and older,Urban regions,Married,0.55844,2041,3091,0.54093,0.57595
2020,66 and older,Urban regions,"Married, living apart",0.01232,43,3091,0.00843,0.01621
2020,66 and older,Urban regions,Single,0.06474,137,3091,0.05606,0.07342
2020,66 and older,Urban regions,Divorced,0.12830,327,3091,0.11650,0.14009
2020,66 and older,Urban regions,Widowed,0.22637,543,3091,0.21161,0.24112
2020,66 and older,Rural regions,Married,0.59098,1223,1783,0.56815,0.61381
2020,66 and older,Rural regions,Single,0.04599,49,1783,0.03627,0.05572
2020,66 and older,Rural regions,Divorced,0.11168,172,1783,0.09705,0.12630
2020,66 and older,Rural regions,Widowed,0.23484,339,1783,0.21516,0.25453
2021,17-29 y.,Urban regions,Married,0.07371,315,2340,0.06312,0.08430
2021,17-29 y.,Urban regions,Single,0.85156,2025,2340,0.83715,0.86597
2021,17-29 y.,Rural regions,Married,0.10116,112,856,0.08095,0.12137
2021,17-29 y.,Rural regions,Single,0.82147,744,856,0.79580,0.84714
2021,30-45 y.,Urban regions,Married,0.50692,2424,3740,0.49089,0.52294
2021,30-45 y.,Urban regions,"Married, living apart",0.01341,80,3740,0.00972,0.01710
2021,30-45 y.,Urban regions,Single,0.42392,1052,3740,0.40808,0.43976
2021,30-45 y.,Urban regions,Divorced,0.05262,184,3740,0.04546,0.05978
2021,30-45 y.,Rural regions,Married,0.49941,1013,1561,0.47460,0.52422
2021,30-45 y.,Rural regions,"Married, living apart",0.02870,47,1561,0.02042,0.03699
2021,30-45 y.,Rural regions,Single,0.38590,397,1561,0.36175,0.41006
2021,30-45 y.,Rural regions,Divorced,0.07062,104,1561,0.05791,0.08333
2021,46-65 y.,Urban regions,Married,0.63335,3289,4852,0.61979,0.64691
2021,46-65 y.,Urban regions,"Married, living apart",0.03349,170,4852,0.02843,0.03855
2021,46-65 y.,Urban regions,Single,0.14198,532,4852,0.13215,0.15180
2021,46-65 y.,Urban regions,Divorced,0.15096,716,4852,0.14089,0.16104
2021,46-65 y.,Urban regions,Widowed,0.03881,145,4852,0.03337,0.04424
2021,46-65 y.,Rural regions,Married,0.61746,1705,2463,0.59827,0.63666
2021,46-65 y.,Rural regions,"Married, living apart",0.03303,75,2463,0.02597,0.04009
2021,46-65 y.,Rural regions,Single,0.13093,252,2463,0.11761,0.14426
2021,46-65 y.,Rural regions,Divorced,0.18173,359,2463,0.16650,0.19696
2021,46-65 y.,Rural regions,Widowed,0.03169,72,2463,0.02477,0.03861
2021,66 and older,Urban regions,Married,0.54327,1463,2243,0.52265,0.56389
2021,66 and older,Urban regions,"Married, living apart",0.01687,38,2243,0.01154,0.02220
2021,66 and older,Urban regions,Single,0.06868,106,2243,0.05821,0.07915
2021,66 and older,Urban regions,Divorced,0.14218,256,2243,0.12772,0.15663
2021,66 and older,Urban regions,Widowed,0.21772,380,2243,0.20063,0.23480
2021,66 and older,Rural regions,Married,0.56337,863,1307,0.53647,0.59027
2021,66 and older,Rural regions,Single,0.04487,38,1307,0.03364,0.05610
2021,66 and older,Rural regions,Divorced,0.12489,140,1307,0.10696,0.14282
2021,66 and older,Rural regions,Widowed,0.25117,266,1307,0.22765,0.27470
