"plh0034","year","age_gr","quintil_oecd","n","percent","lower_confidence_percent","upper_confidence_percent"
"Grosse Sorgen","2009","17-29","1 Einkommensschwächstes Quintil","209","0.308479943743446","0.275066909342002","0.34189297814489"
"Grosse Sorgen","2009","17-29","2","173","0.342821734955575","0.304259484703326","0.381383985207824"
"Grosse Sorgen","2009","17-29","3","181","0.359540769606189","0.31813669746319","0.400944841749188"
"Grosse Sorgen","2009","17-29","4","187","0.339050509896228","0.300051263743216","0.37804975604924"
"Grosse Sorgen","2009","17-29","5 Einkommensstärkstes Quintil","139","0.340016346436101","0.294926199506174","0.385106493366028"
"Grosse Sorgen","2009","30-45","1 Einkommensschwächstes Quintil","291","0.430702738098656","0.393123883566372","0.468281592630941"
"Grosse Sorgen","2009","30-45","2","374","0.446510163808643","0.414245943719173","0.478774383898113"
"Grosse Sorgen","2009","30-45","3","427","0.433345621902047","0.401801368471507","0.464889875332587"
"Grosse Sorgen","2009","30-45","4","497","0.449541383879104","0.419804802779453","0.479277964978754"
"Grosse Sorgen","2009","30-45","5 Einkommensstärkstes Quintil","504","0.487072430084825","0.456738356760337","0.517406503409313"
"Grosse Sorgen","2009","46-65","1 Einkommensschwächstes Quintil","465","0.5151502762193","0.483030156041996","0.547270396396605"
"Grosse Sorgen","2009","46-65","2","555","0.526108004943749","0.496077476541155","0.556138533346342"
"Grosse Sorgen","2009","46-65","3","521","0.520142458924532","0.489021869850349","0.551263047998715"
"Grosse Sorgen","2009","46-65","4","839","0.57284541302993","0.547626745793399","0.598064080266462"
"Grosse Sorgen","2009","46-65","5 Einkommensstärkstes Quintil","1064","0.615362494040575","0.593108750492058","0.637616237589092"
"Grosse Sorgen","2009","66","1 Einkommensschwächstes Quintil","","","",""
"Grosse Sorgen","2009","66","2","","","",""
"Grosse Sorgen","2009","66","3","","","",""
"Grosse Sorgen","2009","66","4","","","",""
"Grosse Sorgen","2009","66","5 Einkommensstärkstes Quintil","","","",""
"Einige Sorgen","2009","17-29","1 Einkommensschwächstes Quintil","362","0.474896515756864","0.438770338984887","0.511022692528841"
"Einige Sorgen","2009","17-29","2","302","0.501630374480214","0.461009029937058","0.54225171902337"
"Einige Sorgen","2009","17-29","3","249","0.470182340511746","0.427117820417525","0.513246860605966"
"Einige Sorgen","2009","17-29","4","295","0.531373092551291","0.490262544591674","0.572483640510907"
"Einige Sorgen","2009","17-29","5 Einkommensstärkstes Quintil","232","0.550079530477619","0.502726717743158","0.597432343212079"
"Einige Sorgen","2009","30-45","1 Einkommensschwächstes Quintil","301","0.461717696901522","0.42388402568863","0.499551368114413"
"Einige Sorgen","2009","30-45","2","462","0.461337185243219","0.428983898959032","0.493690471527406"
"Einige Sorgen","2009","30-45","3","435","0.476672091208343","0.444878416032021","0.508465766384665"
"Einige Sorgen","2009","30-45","4","494","0.457209700468579","0.427430185788414","0.486989215148744"
"Einige Sorgen","2009","30-45","5 Einkommensstärkstes Quintil","473","0.454710016351894","0.424490538408344","0.484929494295445"
"Einige Sorgen","2009","46-65","1 Einkommensschwächstes Quintil","366","0.381681383755118","0.350459200606884","0.412903566903352"
"Einige Sorgen","2009","46-65","2","407","0.383928735933674","0.354678685570386","0.413178786296962"
"Einige Sorgen","2009","46-65","3","401","0.408383038071217","0.377764485955946","0.439001590186489"
"Einige Sorgen","2009","46-65","4","571","0.377644226852078","0.352928598267067","0.402359855437088"
"Einige Sorgen","2009","46-65","5 Einkommensstärkstes Quintil","679","0.339653868613716","0.317991005557675","0.361316731669758"
"Einige Sorgen","2009","66","1 Einkommensschwächstes Quintil","","","",""
"Einige Sorgen","2009","66","2","","","",""
"Einige Sorgen","2009","66","3","","","",""
"Einige Sorgen","2009","66","4","","","",""
"Einige Sorgen","2009","66","5 Einkommensstärkstes Quintil","","","",""
"Keine Sorgen","2009","17-29","1 Einkommensschwächstes Quintil","163","0.21662354049969","0.186822039104513","0.246425041894867"
"Keine Sorgen","2009","17-29","2","107","0.155547890564211","0.126103255633976","0.184992525494446"
"Keine Sorgen","2009","17-29","3","86","0.170276889882065","0.137845341174951","0.202708438589179"
"Keine Sorgen","2009","17-29","4","84","0.129576397552482","0.101909009863493","0.15724378524147"
"Keine Sorgen","2009","17-29","5 Einkommensstärkstes Quintil","53","0.10990412308628","0.0801333200059058","0.139674926166655"
"Keine Sorgen","2009","30-45","1 Einkommensschwächstes Quintil","75","0.107579564999822","0.0840651153205517","0.131094014679092"
"Keine Sorgen","2009","30-45","2","76","0.092152650948138","0.0733806311636166","0.110924670732659"
"Keine Sorgen","2009","30-45","3","86","0.0899822868896095","0.0717665242534689","0.10819804952575"
"Keine Sorgen","2009","30-45","4","84","0.0932489156523173","0.07586651340061","0.110631317904025"
"Keine Sorgen","2009","30-45","5 Einkommensstärkstes Quintil","66","0.0582175535632808","0.0440070912145015","0.0724280159120601"
"Keine Sorgen","2009","46-65","1 Einkommensschwächstes Quintil","99","0.103168340025582","0.0836188558029391","0.122717824248224"
"Keine Sorgen","2009","46-65","2","100","0.0899632591225771","0.0727545661575982","0.107171952087556"
"Keine Sorgen","2009","46-65","3","68","0.0714745030042504","0.055427165646955","0.0875218403615459"
"Keine Sorgen","2009","46-65","4","68","0.0495103601179923","0.0384509335243772","0.0605697867116073"
"Keine Sorgen","2009","46-65","5 Einkommensstärkstes Quintil","93","0.0449836373457085","0.0355028491690963","0.0544644255223206"
"Keine Sorgen","2009","66","1 Einkommensschwächstes Quintil","","","",""
"Keine Sorgen","2009","66","2","","","",""
"Keine Sorgen","2009","66","3","","","",""
"Keine Sorgen","2009","66","4","","","",""
"Keine Sorgen","2009","66","5 Einkommensstärkstes Quintil","","","",""
"Grosse Sorgen","2010","17-29","1 Einkommensschwächstes Quintil","133","0.230331539664472","0.195613722027819","0.265049357301126"
"Grosse Sorgen","2010","17-29","2","107","0.217014201699322","0.182688910606302","0.251339492792342"
"Grosse Sorgen","2010","17-29","3","110","0.253249679516185","0.212935623910164","0.293563735122207"
"Grosse Sorgen","2010","17-29","4","119","0.201975085709642","0.167730788679114","0.23621938274017"
"Grosse Sorgen","2010","17-29","5 Einkommensstärkstes Quintil","81","0.213787371074665","0.173809612617449","0.253765129531881"
"Grosse Sorgen","2010","30-45","1 Einkommensschwächstes Quintil","188","0.338707529875074","0.298864013277758","0.378551046472389"
"Grosse Sorgen","2010","30-45","2","255","0.348239447067803","0.315060047816776","0.38141884631883"
"Grosse Sorgen","2010","30-45","3","239","0.304715700370191","0.272246763558089","0.337184637182292"
"Grosse Sorgen","2010","30-45","4","335","0.313317564381832","0.284810141711693","0.341824987051971"
"Grosse Sorgen","2010","30-45","5 Einkommensstärkstes Quintil","319","0.329325404159399","0.299642698037162","0.359008110281636"
"Grosse Sorgen","2010","46-65","1 Einkommensschwächstes Quintil","323","0.400654216364765","0.366439844739314","0.434868587990215"
"Grosse Sorgen","2010","46-65","2","399","0.394161280471553","0.363628522522831","0.424694038420276"
"Grosse Sorgen","2010","46-65","3","408","0.427977772333313","0.396464742476452","0.459490802190174"
"Grosse Sorgen","2010","46-65","4","668","0.464449641999457","0.438734812998642","0.490164471000271"
"Grosse Sorgen","2010","46-65","5 Einkommensstärkstes Quintil","815","0.438645547165738","0.415854275038303","0.461436819293173"
"Grosse Sorgen","2010","66","1 Einkommensschwächstes Quintil","","","",""
"Grosse Sorgen","2010","66","2","","","",""
"Grosse Sorgen","2010","66","3","","","",""
"Grosse Sorgen","2010","66","4","","","",""
"Grosse Sorgen","2010","66","5 Einkommensstärkstes Quintil","","","",""
"Einige Sorgen","2010","17-29","1 Einkommensschwächstes Quintil","296","0.566516150177094","0.525654445978668","0.60737785437552"
"Einige Sorgen","2010","17-29","2","319","0.523891447729045","0.482303560807534","0.565479334650555"
"Einige Sorgen","2010","17-29","3","238","0.559486083888859","0.513463733969671","0.605508433808047"
"Einige Sorgen","2010","17-29","4","284","0.539301568825612","0.4967852810211","0.581817856630125"
"Einige Sorgen","2010","17-29","5 Einkommensstärkstes Quintil","234","0.563330063526235","0.514966808869207","0.611693318183262"
"Einige Sorgen","2010","30-45","1 Einkommensschwächstes Quintil","280","0.482739679466013","0.440670937117051","0.524808421814975"
"Einige Sorgen","2010","30-45","2","419","0.510878429353882","0.476064528255523","0.545692330452241"
"Einige Sorgen","2010","30-45","3","422","0.551060730034397","0.515974801820986","0.586146658247808"
"Einige Sorgen","2010","30-45","4","557","0.563164414472765","0.532680957141824","0.593647871803705"
"Einige Sorgen","2010","30-45","5 Einkommensstärkstes Quintil","542","0.527004120261048","0.495470732477706","0.55853750804439"
"Einige Sorgen","2010","46-65","1 Einkommensschwächstes Quintil","332","0.43873963135024","0.404092235028506","0.473387027671974"
"Einige Sorgen","2010","46-65","2","459","0.472916714046161","0.441721893195955","0.504111534896367"
"Einige Sorgen","2010","46-65","3","455","0.478022359546545","0.446208002037641","0.509836717055448"
"Einige Sorgen","2010","46-65","4","670","0.460597169400433","0.434897270766059","0.486297068034807"
"Einige Sorgen","2010","46-65","5 Einkommensstärkstes Quintil","886","0.496257350986008","0.473293170293894","0.519221531678121"
"Einige Sorgen","2010","66","1 Einkommensschwächstes Quintil","","","",""
"Einige Sorgen","2010","66","2","","","",""
"Einige Sorgen","2010","66","3","","","",""
"Einige Sorgen","2010","66","4","","","",""
"Einige Sorgen","2010","66","5 Einkommensstärkstes Quintil","","","",""
"Keine Sorgen","2010","17-29","1 Einkommensschwächstes Quintil","136","0.203152310158434","0.169976433425481","0.236328186891386"
"Keine Sorgen","2010","17-29","2","128","0.259094350571633","0.22261025089609","0.295578450247177"
"Keine Sorgen","2010","17-29","3","99","0.187264236594956","0.151098573100248","0.223429900089664"
"Keine Sorgen","2010","17-29","4","125","0.258723345464746","0.221369174656993","0.296077516272499"
"Keine Sorgen","2010","17-29","5 Einkommensstärkstes Quintil","89","0.2228825653991","0.182300066678833","0.263465064119367"
"Keine Sorgen","2010","30-45","1 Einkommensschwächstes Quintil","74","0.178552790658913","0.146310818533308","0.210794762784518"
"Keine Sorgen","2010","30-45","2","118","0.140882123578315","0.116652881848065","0.165111365308565"
"Keine Sorgen","2010","30-45","3","111","0.144223569595412","0.119441491481381","0.169005647709444"
"Keine Sorgen","2010","30-45","4","125","0.123518021145404","0.103296013382977","0.14374002890783"
"Keine Sorgen","2010","30-45","5 Einkommensstärkstes Quintil","102","0.143670475579553","0.121517137714741","0.165823813444366"
"Keine Sorgen","2010","46-65","1 Einkommensschwächstes Quintil","133","0.160606152284995","0.134970229078425","0.186242075491566"
"Keine Sorgen","2010","46-65","2","126","0.132922005482285","0.111710178962358","0.154133832002213"
"Keine Sorgen","2010","46-65","3","84","0.0939998681201424","0.0754132295395713","0.112586506700714"
"Keine Sorgen","2010","46-65","4","107","0.07495318860011","0.0613765868367369","0.0885297903634832"
"Keine Sorgen","2010","46-65","5 Einkommensstärkstes Quintil","120","0.0650971018482539","0.0537663899207151","0.0764278137757926"
"Keine Sorgen","2010","66","1 Einkommensschwächstes Quintil","","","",""
"Keine Sorgen","2010","66","2","","","",""
"Keine Sorgen","2010","66","3","","","",""
"Keine Sorgen","2010","66","4","","","",""
"Keine Sorgen","2010","66","5 Einkommensstärkstes Quintil","","","",""
"Grosse Sorgen","2011","17-29","1 Einkommensschwächstes Quintil","146","0.22652435286487","0.195970834371557","0.257077871358184"
"Grosse Sorgen","2011","17-29","2","102","0.163944709689","0.134873020232198","0.193016399145801"
"Grosse Sorgen","2011","17-29","3","92","0.153241751724888","0.122191073458526","0.184292429991249"
"Grosse Sorgen","2011","17-29","4","111","0.192887071926533","0.161498434926871","0.224275708926195"
"Grosse Sorgen","2011","17-29","5 Einkommensstärkstes Quintil","81","0.193875492825389","0.158582613472694","0.229168372178085"
"Grosse Sorgen","2011","30-45","1 Einkommensschwächstes Quintil","196","0.279791230108212","0.246725530673493","0.31285692954293"
"Grosse Sorgen","2011","30-45","2","229","0.275522336740524","0.245936289625793","0.305108383855254"
"Grosse Sorgen","2011","30-45","3","209","0.273554917098808","0.243154347250869","0.303955486946747"
"Grosse Sorgen","2011","30-45","4","271","0.24912573264809","0.223985993694696","0.274265471601484"
"Grosse Sorgen","2011","30-45","5 Einkommensstärkstes Quintil","307","0.242801659928977","0.218984275437702","0.266619044420252"
"Grosse Sorgen","2011","46-65","1 Einkommensschwächstes Quintil","372","0.335835631476116","0.308359769088028","0.363311493864204"
"Grosse Sorgen","2011","46-65","2","391","0.325203974653984","0.298520866273546","0.351887083034421"
"Grosse Sorgen","2011","46-65","3","435","0.348411376329927","0.321773165015482","0.375049587644372"
"Grosse Sorgen","2011","46-65","4","665","0.360980019123085","0.33886599418055","0.38309404406562"
"Grosse Sorgen","2011","46-65","5 Einkommensstärkstes Quintil","859","0.390584037372611","0.370757019695177","0.410411055050046"
"Grosse Sorgen","2011","66","1 Einkommensschwächstes Quintil","","","",""
"Grosse Sorgen","2011","66","2","","","",""
"Grosse Sorgen","2011","66","3","","","",""
"Grosse Sorgen","2011","66","4","","","",""
"Grosse Sorgen","2011","66","5 Einkommensstärkstes Quintil","","","",""
"Einige Sorgen","2011","17-29","1 Einkommensschwächstes Quintil","356","0.503121972587883","0.466626247464832","0.539617697710935"
"Einige Sorgen","2011","17-29","2","343","0.550564713938725","0.511503850607194","0.589625577270256"
"Einige Sorgen","2011","17-29","3","248","0.535737474320702","0.492748147219538","0.578726801421866"
"Einige Sorgen","2011","17-29","4","338","0.561582585218609","0.522109192101001","0.601055978336217"
"Einige Sorgen","2011","17-29","5 Einkommensstärkstes Quintil","266","0.536105219759157","0.491584791565357","0.580625647952957"
"Einige Sorgen","2011","30-45","1 Einkommensschwächstes Quintil","384","0.551603853457621","0.514970553355726","0.588237153559516"
"Einige Sorgen","2011","30-45","2","488","0.56267291089812","0.52982352680291","0.59552229499333"
"Einige Sorgen","2011","30-45","3","466","0.543901961813674","0.509935721174224","0.577868202453125"
"Einige Sorgen","2011","30-45","4","663","0.574191252201563","0.545450148994491","0.602932355408635"
"Einige Sorgen","2011","30-45","5 Einkommensstärkstes Quintil","749","0.598760204432796","0.571533700439681","0.625986708425911"
"Einige Sorgen","2011","46-65","1 Einkommensschwächstes Quintil","561","0.489374688947186","0.460292835527552","0.51845654236682"
"Einige Sorgen","2011","46-65","2","601","0.523775871868283","0.495327941142185","0.55222380259438"
"Einige Sorgen","2011","46-65","3","613","0.504208593804078","0.476255700379371","0.532161487228784"
"Einige Sorgen","2011","46-65","4","959","0.530781386643254","0.507803268790528","0.553759504495981"
"Einige Sorgen","2011","46-65","5 Einkommensstärkstes Quintil","1212","0.50255628238593","0.482237037510211","0.522875527261648"
"Einige Sorgen","2011","66","1 Einkommensschwächstes Quintil","","","",""
"Einige Sorgen","2011","66","2","","","",""
"Einige Sorgen","2011","66","3","","","",""
"Einige Sorgen","2011","66","4","","","",""
"Einige Sorgen","2011","66","5 Einkommensstärkstes Quintil","","","",""
"Keine Sorgen","2011","17-29","1 Einkommensschwächstes Quintil","219","0.270353674547246","0.237934436985537","0.302772912108956"
"Keine Sorgen","2011","17-29","2","178","0.285490576372275","0.250025251953178","0.320955900791371"
"Keine Sorgen","2011","17-29","3","177","0.31102077395441","0.271118230242561","0.350923317666258"
"Keine Sorgen","2011","17-29","4","158","0.245530342854858","0.211290858173712","0.279769827536003"
"Keine Sorgen","2011","17-29","5 Einkommensstärkstes Quintil","135","0.270019287415454","0.230384397342093","0.309654177488814"
"Keine Sorgen","2011","30-45","1 Einkommensschwächstes Quintil","128","0.168604916434167","0.141026437758756","0.196183395109578"
"Keine Sorgen","2011","30-45","2","159","0.161804752361357","0.137417421431822","0.186192083290892"
"Keine Sorgen","2011","30-45","3","151","0.182543121087517","0.156199635963772","0.208886606211263"
"Keine Sorgen","2011","30-45","4","203","0.176683015150347","0.154513877644635","0.198852152656058"
"Keine Sorgen","2011","30-45","5 Einkommensstärkstes Quintil","189","0.158438135638227","0.138154943693008","0.178721327583446"
"Keine Sorgen","2011","46-65","1 Einkommensschwächstes Quintil","202","0.174789679576698","0.152694864108471","0.196884495044924"
"Keine Sorgen","2011","46-65","2","192","0.151020153477734","0.130624464344813","0.171415842610654"
"Keine Sorgen","2011","46-65","3","181","0.147380029865995","0.127561601103784","0.167198458628206"
"Keine Sorgen","2011","46-65","4","188","0.108238594233661","0.093933708195201","0.122543480272121"
"Keine Sorgen","2011","46-65","5 Einkommensstärkstes Quintil","255","0.106859680241459","0.0943048738812974","0.119414486601621"
"Keine Sorgen","2011","66","1 Einkommensschwächstes Quintil","","","",""
"Keine Sorgen","2011","66","2","","","",""
"Keine Sorgen","2011","66","3","","","",""
"Keine Sorgen","2011","66","4","","","",""
"Keine Sorgen","2011","66","5 Einkommensstärkstes Quintil","","","",""
"Grosse Sorgen","2012","17-29","1 Einkommensschwächstes Quintil","135","0.236345996480054","0.203786201742282","0.268905791217826"
"Grosse Sorgen","2012","17-29","2","132","0.241464972236785","0.205267700498821","0.27766224397475"
"Grosse Sorgen","2012","17-29","3","130","0.224879386585344","0.188750974346585","0.261007798824102"
"Grosse Sorgen","2012","17-29","4","157","0.243571484456562","0.210996640670528","0.276146328242597"
"Grosse Sorgen","2012","17-29","5 Einkommensstärkstes Quintil","112","0.219121568850817","0.182116454524256","0.256126683177379"
"Grosse Sorgen","2012","30-45","1 Einkommensschwächstes Quintil","196","0.344014682791328","0.305715465419247","0.382313900163408"
"Grosse Sorgen","2012","30-45","2","242","0.269723335275947","0.238716053405985","0.300730617145909"
"Grosse Sorgen","2012","30-45","3","262","0.311762840303728","0.280786311996795","0.342739368610661"
"Grosse Sorgen","2012","30-45","4","387","0.379524265366047","0.350269759124737","0.408778771607356"
"Grosse Sorgen","2012","30-45","5 Einkommensstärkstes Quintil","437","0.332488145602196","0.306506659406358","0.358469631798035"
"Grosse Sorgen","2012","46-65","1 Einkommensschwächstes Quintil","404","0.389074111264779","0.359471865274401","0.418676357255156"
"Grosse Sorgen","2012","46-65","2","444","0.367760227681487","0.340094891687049","0.395425563675925"
"Grosse Sorgen","2012","46-65","3","558","0.422437984584747","0.395185932760107","0.449690036409387"
"Grosse Sorgen","2012","46-65","4","873","0.471350703450918","0.448828128022904","0.493873278878933"
"Grosse Sorgen","2012","46-65","5 Einkommensstärkstes Quintil","1073","0.439491639016348","0.419749686357529","0.459233591675167"
"Grosse Sorgen","2012","66","1 Einkommensschwächstes Quintil","","","",""
"Grosse Sorgen","2012","66","2","","","",""
"Grosse Sorgen","2012","66","3","","","",""
"Grosse Sorgen","2012","66","4","","","",""
"Grosse Sorgen","2012","66","5 Einkommensstärkstes Quintil","","","",""
"Einige Sorgen","2012","17-29","1 Einkommensschwächstes Quintil","353","0.543304356228124","0.505128020169793","0.581480692286454"
"Einige Sorgen","2012","17-29","2","271","0.516626392364989","0.474360435099039","0.558892349630939"
"Einige Sorgen","2012","17-29","3","248","0.511292585738526","0.468036360307537","0.554548811169515"
"Einige Sorgen","2012","17-29","4","347","0.557483971090701","0.519790522787294","0.595177419394108"
"Einige Sorgen","2012","17-29","5 Einkommensstärkstes Quintil","262","0.571667398433374","0.527399413789601","0.615935383077146"
"Einige Sorgen","2012","30-45","1 Einkommensschwächstes Quintil","270","0.451843094474965","0.411719427230054","0.491966761719876"
"Einige Sorgen","2012","30-45","2","412","0.546878575287508","0.512099864567681","0.581657286007335"
"Einige Sorgen","2012","30-45","3","469","0.549975760192008","0.516706646059446","0.58324487432457"
"Einige Sorgen","2012","30-45","4","537","0.511945192758451","0.48181120347962","0.542079182037282"
"Einige Sorgen","2012","30-45","5 Einkommensstärkstes Quintil","694","0.559293365074546","0.531912885925652","0.58667384422344"
"Einige Sorgen","2012","46-65","1 Einkommensschwächstes Quintil","442","0.423989008743815","0.393983090889438","0.453994926598191"
"Einige Sorgen","2012","46-65","2","574","0.506128035103741","0.477443352622154","0.534812717585328"
"Einige Sorgen","2012","46-65","3","581","0.484145887649854","0.456573778711351","0.511717996588357"
"Einige Sorgen","2012","46-65","4","840","0.43248527271578","0.410132244279635","0.454838301151924"
"Einige Sorgen","2012","46-65","5 Einkommensstärkstes Quintil","1155","0.470070800035461","0.450218340829259","0.489923259241662"
"Einige Sorgen","2012","66","1 Einkommensschwächstes Quintil","","","",""
"Einige Sorgen","2012","66","2","","","",""
"Einige Sorgen","2012","66","3","","","",""
"Einige Sorgen","2012","66","4","","","",""
"Einige Sorgen","2012","66","5 Einkommensstärkstes Quintil","","","",""
"Keine Sorgen","2012","17-29","1 Einkommensschwächstes Quintil","166","0.220349647291822","0.188583442123575","0.252115852460069"
"Keine Sorgen","2012","17-29","2","134","0.241908635398226","0.205688721898608","0.278128548897843"
"Keine Sorgen","2012","17-29","3","135","0.26382802767613","0.225691643554015","0.301964411798245"
"Keine Sorgen","2012","17-29","4","163","0.198944544452736","0.168648740453213","0.229240348452259"
"Keine Sorgen","2012","17-29","5 Einkommensstärkstes Quintil","106","0.209211032715809","0.172823713161994","0.245598352269624"
"Keine Sorgen","2012","30-45","1 Einkommensschwächstes Quintil","125","0.204142222733707","0.171645579503181","0.236638865964233"
"Keine Sorgen","2012","30-45","2","133","0.183398089436545","0.156360789168007","0.210435389705084"
"Keine Sorgen","2012","30-45","3","128","0.138261399504264","0.115178532096211","0.161344266912317"
"Keine Sorgen","2012","30-45","4","133","0.108530541875503","0.0897788776639059","0.127282206087099"
"Keine Sorgen","2012","30-45","5 Einkommensstärkstes Quintil","132","0.108218489323258","0.091085766800055","0.12535121184646"
"Keine Sorgen","2012","46-65","1 Einkommensschwächstes Quintil","196","0.186936879991406","0.16326548471082","0.210608275271993"
"Keine Sorgen","2012","46-65","2","149","0.126111737214772","0.107065097345919","0.145158377083626"
"Keine Sorgen","2012","46-65","3","123","0.0934161277653987","0.0773602764181538","0.109471979112644"
"Keine Sorgen","2012","46-65","4","174","0.0961640238333019","0.082862136452076","0.109465911214528"
"Keine Sorgen","2012","46-65","5 Einkommensstärkstes Quintil","200","0.090437560948191","0.0790294317967078","0.101845690099674"
"Keine Sorgen","2012","66","1 Einkommensschwächstes Quintil","","","",""
"Keine Sorgen","2012","66","2","","","",""
"Keine Sorgen","2012","66","3","","","",""
"Keine Sorgen","2012","66","4","","","",""
"Keine Sorgen","2012","66","5 Einkommensstärkstes Quintil","","","",""
"Grosse Sorgen","2013","17-29","1 Einkommensschwächstes Quintil","94","0.175557254526287","0.14316808617483","0.207946422877744"
"Grosse Sorgen","2013","17-29","2","76","0.138566664798864","0.107850274646566","0.169283054951161"
"Grosse Sorgen","2013","17-29","3","83","0.22872643313817","0.188981492984613","0.268471373291726"
"Grosse Sorgen","2013","17-29","4","104","0.204167905623898","0.170510800966653","0.237825010281142"
"Grosse Sorgen","2013","17-29","5 Einkommensstärkstes Quintil","94","0.146349453887323","0.115940601779791","0.176758305994855"
"Grosse Sorgen","2013","30-45","1 Einkommensschwächstes Quintil","113","0.281373489034276","0.241354102491635","0.321392875576917"
"Grosse Sorgen","2013","30-45","2","167","0.230257074344092","0.197589484374827","0.262924664313356"
"Grosse Sorgen","2013","30-45","3","168","0.255861940706015","0.224316686974427","0.287407194437603"
"Grosse Sorgen","2013","30-45","4","244","0.264844527379799","0.237133430829233","0.292555623930366"
"Grosse Sorgen","2013","30-45","5 Einkommensstärkstes Quintil","337","0.262320784632665","0.237585889301257","0.287055679964074"
"Grosse Sorgen","2013","46-65","1 Einkommensschwächstes Quintil","294","0.327420471760337","0.297063986434894","0.35777695708578"
"Grosse Sorgen","2013","46-65","2","359","0.326918641345165","0.298491324323806","0.355345958366524"
"Grosse Sorgen","2013","46-65","3","391","0.341268028662703","0.313197862273578","0.369338195051829"
"Grosse Sorgen","2013","46-65","4","637","0.371469895571083","0.349028958649127","0.393910832493039"
"Grosse Sorgen","2013","46-65","5 Einkommensstärkstes Quintil","874","0.375431986590737","0.356238045201389","0.394625927980085"
"Grosse Sorgen","2013","66","1 Einkommensschwächstes Quintil","","","",""
"Grosse Sorgen","2013","66","2","","","",""
"Grosse Sorgen","2013","66","3","","","",""
"Grosse Sorgen","2013","66","4","","","",""
"Grosse Sorgen","2013","66","5 Einkommensstärkstes Quintil","","","",""
"Einige Sorgen","2013","17-29","1 Einkommensschwächstes Quintil","256","0.479526611155011","0.436994613862946","0.522058608447077"
"Einige Sorgen","2013","17-29","2","254","0.525863490448505","0.48147011525204","0.57025686564497"
"Einige Sorgen","2013","17-29","3","218","0.499153565394687","0.451839656753118","0.546467474036256"
"Einige Sorgen","2013","17-29","4","276","0.524939082418","0.483242410057023","0.566635754778978"
"Einige Sorgen","2013","17-29","5 Einkommensstärkstes Quintil","300","0.620314168517002","0.57856167107124","0.662066665962765"
"Einige Sorgen","2013","30-45","1 Einkommensschwächstes Quintil","263","0.515218483607244","0.470740410364721","0.559696556849767"
"Einige Sorgen","2013","30-45","2","358","0.600965065081949","0.562966445084172","0.638963685079727"
"Einige Sorgen","2013","30-45","3","420","0.567617628085749","0.531802513203626","0.603432742967873"
"Einige Sorgen","2013","30-45","4","539","0.559210745157148","0.528031049912209","0.590390440402087"
"Einige Sorgen","2013","30-45","5 Einkommensstärkstes Quintil","699","0.593375154102479","0.565755286866921","0.620995021338036"
"Einige Sorgen","2013","46-65","1 Einkommensschwächstes Quintil","450","0.476489426470051","0.444180977214051","0.508797875726051"
"Einige Sorgen","2013","46-65","2","531","0.506780352075094","0.47648246674042","0.537078237409769"
"Einige Sorgen","2013","46-65","3","541","0.501580686549163","0.471979395842261","0.531181977256064"
"Einige Sorgen","2013","46-65","4","962","0.531359860372285","0.508184299931896","0.554535420812674"
"Einige Sorgen","2013","46-65","5 Einkommensstärkstes Quintil","1313","0.509502631053145","0.489687350945411","0.52931791116088"
"Einige Sorgen","2013","66","1 Einkommensschwächstes Quintil","","","",""
"Einige Sorgen","2013","66","2","","","",""
"Einige Sorgen","2013","66","3","","","",""
"Einige Sorgen","2013","66","4","","","",""
"Einige Sorgen","2013","66","5 Einkommensstärkstes Quintil","","","",""
"Keine Sorgen","2013","17-29","1 Einkommensschwächstes Quintil","180","0.344916134318702","0.304447796861915","0.385384471775489"
"Keine Sorgen","2013","17-29","2","156","0.335569844752631","0.293589491642359","0.377550197862904"
"Keine Sorgen","2013","17-29","3","128","0.272120001467143","0.230005703065339","0.314234299868947"
"Keine Sorgen","2013","17-29","4","171","0.270893011958102","0.233785073904417","0.308000950011787"
"Keine Sorgen","2013","17-29","5 Einkommensstärkstes Quintil","125","0.233336377595675","0.196948387635388","0.269724367555961"
"Keine Sorgen","2013","30-45","1 Einkommensschwächstes Quintil","109","0.20340802735848","0.167583602350641","0.239232452366318"
"Keine Sorgen","2013","30-45","2","113","0.168777860573959","0.139713950479723","0.197841770668195"
"Keine Sorgen","2013","30-45","3","147","0.176520431208236","0.148957314402498","0.204083548013974"
"Keine Sorgen","2013","30-45","4","191","0.175944727463052","0.152031680748984","0.199857774177121"
"Keine Sorgen","2013","30-45","5 Einkommensstärkstes Quintil","179","0.144304061264856","0.12454533409862","0.164062788431092"
"Keine Sorgen","2013","46-65","1 Einkommensschwächstes Quintil","174","0.196090101769612","0.17040636120597","0.221773842333253"
"Keine Sorgen","2013","46-65","2","156","0.16630100657974","0.143736059138962","0.188865954020519"
"Keine Sorgen","2013","46-65","3","164","0.157151284788134","0.135604791595883","0.178697777980386"
"Keine Sorgen","2013","46-65","4","182","0.0971702440566321","0.0834144485740873","0.110926039539177"
"Keine Sorgen","2013","46-65","5 Einkommensstärkstes Quintil","258","0.115065382356118","0.102416953158584","0.127713811553652"
"Keine Sorgen","2013","66","1 Einkommensschwächstes Quintil","","","",""
"Keine Sorgen","2013","66","2","","","",""
"Keine Sorgen","2013","66","3","","","",""
"Keine Sorgen","2013","66","4","","","",""
"Keine Sorgen","2013","66","5 Einkommensstärkstes Quintil","","","",""
"Grosse Sorgen","2014","17-29","1 Einkommensschwächstes Quintil","164","0.120669551521965","0.101480691016083","0.139858412027846"
"Grosse Sorgen","2014","17-29","2","105","0.107425267386543","0.0873833651609077","0.127467169612178"
"Grosse Sorgen","2014","17-29","3","103","0.142769948204923","0.117109391158089","0.168430505251757"
"Grosse Sorgen","2014","17-29","4","107","0.11096916931435","0.0896904767158203","0.13224786191288"
"Grosse Sorgen","2014","17-29","5 Einkommensstärkstes Quintil","93","0.143494284105822","0.116439089168783","0.17054947904286"
"Grosse Sorgen","2014","30-45","1 Einkommensschwächstes Quintil","233","0.199385499375077","0.17643299325248","0.222338005497674"
"Grosse Sorgen","2014","30-45","2","314","0.191197075445384","0.172459651172981","0.209934499717788"
"Grosse Sorgen","2014","30-45","3","290","0.19775450052164","0.178298570939942","0.217210430103339"
"Grosse Sorgen","2014","30-45","4","337","0.171128634035749","0.154233951434649","0.18802331663685"
"Grosse Sorgen","2014","30-45","5 Einkommensstärkstes Quintil","349","0.169805594412504","0.153424104130946","0.186187084694062"
"Grosse Sorgen","2014","46-65","1 Einkommensschwächstes Quintil","325","0.256215080549895","0.232484823460603","0.279945337639186"
"Grosse Sorgen","2014","46-65","2","364","0.261716662937011","0.239449524396815","0.283983801477208"
"Grosse Sorgen","2014","46-65","3","328","0.244500009023751","0.221946316326754","0.267053701720747"
"Grosse Sorgen","2014","46-65","4","530","0.247731100864105","0.229487746009868","0.265974455718343"
"Grosse Sorgen","2014","46-65","5 Einkommensstärkstes Quintil","742","0.256467118186479","0.240440596850215","0.272493639522743"
"Grosse Sorgen","2014","66","1 Einkommensschwächstes Quintil","","","",""
"Grosse Sorgen","2014","66","2","","","",""
"Grosse Sorgen","2014","66","3","","","",""
"Grosse Sorgen","2014","66","4","","","",""
"Grosse Sorgen","2014","66","5 Einkommensstärkstes Quintil","","","",""
"Einige Sorgen","2014","17-29","1 Einkommensschwächstes Quintil","515","0.523167325861923","0.49374496008073","0.552589691643116"
"Einige Sorgen","2014","17-29","2","456","0.528975896903261","0.496668428323785","0.561283365482738"
"Einige Sorgen","2014","17-29","3","346","0.505856984822315","0.469184596803032","0.542529372841598"
"Einige Sorgen","2014","17-29","4","425","0.52914862188614","0.495333098035405","0.562964145736875"
"Einige Sorgen","2014","17-29","5 Einkommensstärkstes Quintil","330","0.522672136786008","0.484125073107086","0.56121920046493"
"Einige Sorgen","2014","30-45","1 Einkommensschwächstes Quintil","573","0.49286533544118","0.464144478978118","0.521586191904243"
"Einige Sorgen","2014","30-45","2","892","0.561974338505561","0.538333878055199","0.585614798955924"
"Einige Sorgen","2014","30-45","3","886","0.555435732847588","0.53116296304947","0.579708502645706"
"Einige Sorgen","2014","30-45","4","1061","0.578332923227131","0.556180617750197","0.600485228704065"
"Einige Sorgen","2014","30-45","5 Einkommensstärkstes Quintil","1172","0.570052289188568","0.548452342584209","0.591652235792927"
"Einige Sorgen","2014","46-65","1 Einkommensschwächstes Quintil","600","0.451857629526247","0.4248041013503","0.478911157702195"
"Einige Sorgen","2014","46-65","2","796","0.517621663791947","0.492309031480707","0.542934296103188"
"Einige Sorgen","2014","46-65","3","767","0.553520329341303","0.527433060141079","0.579607598541528"
"Einige Sorgen","2014","46-65","4","1230","0.590987622853255","0.570210504973465","0.611764740733045"
"Einige Sorgen","2014","46-65","5 Einkommensstärkstes Quintil","1641","0.5541191855921","0.535876687189023","0.572361683995178"
"Einige Sorgen","2014","66","1 Einkommensschwächstes Quintil","","","",""
"Einige Sorgen","2014","66","2","","","",""
"Einige Sorgen","2014","66","3","","","",""
"Einige Sorgen","2014","66","4","","","",""
"Einige Sorgen","2014","66","5 Einkommensstärkstes Quintil","","","",""
"Keine Sorgen","2014","17-29","1 Einkommensschwächstes Quintil","428","0.356163122616112","0.327954188278453","0.384372056953772"
"Keine Sorgen","2014","17-29","2","356","0.363598835710196","0.332464461005102","0.39473321041529"
"Keine Sorgen","2014","17-29","3","265","0.351373066972762","0.316355924043674","0.386390209901851"
"Keine Sorgen","2014","17-29","4","305","0.35988220879951","0.32736632973085","0.39239808786817"
"Keine Sorgen","2014","17-29","5 Einkommensstärkstes Quintil","222","0.333833579108171","0.297440013098539","0.370227145117802"
"Keine Sorgen","2014","30-45","1 Einkommensschwächstes Quintil","358","0.307749165183743","0.281233545168009","0.334264785199476"
"Keine Sorgen","2014","30-45","2","486","0.246828586049055","0.226284229033737","0.267372943064372"
"Keine Sorgen","2014","30-45","3","434","0.246809766630771","0.225749267308637","0.267870265952905"
"Keine Sorgen","2014","30-45","4","511","0.25053844273712","0.231100200308655","0.269976685165585"
"Keine Sorgen","2014","30-45","5 Einkommensstärkstes Quintil","497","0.260142116398928","0.241001011754597","0.279283221043259"
"Keine Sorgen","2014","46-65","1 Einkommensschwächstes Quintil","375","0.291927289923858","0.267212740855676","0.316641838992039"
"Keine Sorgen","2014","46-65","2","337","0.220661673271041","0.199654691345752","0.241668655196331"
"Keine Sorgen","2014","46-65","3","300","0.201979661634946","0.180911735485164","0.223047587784728"
"Keine Sorgen","2014","46-65","4","391","0.16128127628264","0.145738520226944","0.176824032338336"
"Keine Sorgen","2014","46-65","5 Einkommensstärkstes Quintil","469","0.189413696221421","0.175033041779327","0.203794350663515"
"Keine Sorgen","2014","66","1 Einkommensschwächstes Quintil","","","",""
"Keine Sorgen","2014","66","2","","","",""
"Keine Sorgen","2014","66","3","","","",""
"Keine Sorgen","2014","66","4","","","",""
"Keine Sorgen","2014","66","5 Einkommensstärkstes Quintil","","","",""
"Grosse Sorgen","2015","17-29","1 Einkommensschwächstes Quintil","","","",""
"Grosse Sorgen","2015","17-29","2","","","",""
"Grosse Sorgen","2015","17-29","3","","","",""
"Grosse Sorgen","2015","17-29","4","","","",""
"Grosse Sorgen","2015","17-29","5 Einkommensstärkstes Quintil","","","",""
"Grosse Sorgen","2015","30-45","1 Einkommensschwächstes Quintil","","","",""
"Grosse Sorgen","2015","30-45","2","","","",""
"Grosse Sorgen","2015","30-45","3","","","",""
"Grosse Sorgen","2015","30-45","4","","","",""
"Grosse Sorgen","2015","30-45","5 Einkommensstärkstes Quintil","","","",""
"Grosse Sorgen","2015","46-65","1 Einkommensschwächstes Quintil","","","",""
"Grosse Sorgen","2015","46-65","2","","","",""
"Grosse Sorgen","2015","46-65","3","","","",""
"Grosse Sorgen","2015","46-65","4","","","",""
"Grosse Sorgen","2015","46-65","5 Einkommensstärkstes Quintil","","","",""
"Grosse Sorgen","2015","66","1 Einkommensschwächstes Quintil","","","",""
"Grosse Sorgen","2015","66","2","","","",""
"Grosse Sorgen","2015","66","3","","","",""
"Grosse Sorgen","2015","66","4","","","",""
"Grosse Sorgen","2015","66","5 Einkommensstärkstes Quintil","","","",""
"Einige Sorgen","2015","17-29","1 Einkommensschwächstes Quintil","","","",""
"Einige Sorgen","2015","17-29","2","","","",""
"Einige Sorgen","2015","17-29","3","","","",""
"Einige Sorgen","2015","17-29","4","","","",""
"Einige Sorgen","2015","17-29","5 Einkommensstärkstes Quintil","","","",""
"Einige Sorgen","2015","30-45","1 Einkommensschwächstes Quintil","","","",""
"Einige Sorgen","2015","30-45","2","","","",""
"Einige Sorgen","2015","30-45","3","","","",""
"Einige Sorgen","2015","30-45","4","","","",""
"Einige Sorgen","2015","30-45","5 Einkommensstärkstes Quintil","","","",""
"Einige Sorgen","2015","46-65","1 Einkommensschwächstes Quintil","","","",""
"Einige Sorgen","2015","46-65","2","","","",""
"Einige Sorgen","2015","46-65","3","","","",""
"Einige Sorgen","2015","46-65","4","","","",""
"Einige Sorgen","2015","46-65","5 Einkommensstärkstes Quintil","","","",""
"Einige Sorgen","2015","66","1 Einkommensschwächstes Quintil","","","",""
"Einige Sorgen","2015","66","2","","","",""
"Einige Sorgen","2015","66","3","","","",""
"Einige Sorgen","2015","66","4","","","",""
"Einige Sorgen","2015","66","5 Einkommensstärkstes Quintil","","","",""
"Keine Sorgen","2015","17-29","1 Einkommensschwächstes Quintil","","","",""
"Keine Sorgen","2015","17-29","2","","","",""
"Keine Sorgen","2015","17-29","3","","","",""
"Keine Sorgen","2015","17-29","4","","","",""
"Keine Sorgen","2015","17-29","5 Einkommensstärkstes Quintil","","","",""
"Keine Sorgen","2015","30-45","1 Einkommensschwächstes Quintil","","","",""
"Keine Sorgen","2015","30-45","2","","","",""
"Keine Sorgen","2015","30-45","3","","","",""
"Keine Sorgen","2015","30-45","4","","","",""
"Keine Sorgen","2015","30-45","5 Einkommensstärkstes Quintil","","","",""
"Keine Sorgen","2015","46-65","1 Einkommensschwächstes Quintil","","","",""
"Keine Sorgen","2015","46-65","2","","","",""
"Keine Sorgen","2015","46-65","3","","","",""
"Keine Sorgen","2015","46-65","4","","","",""
"Keine Sorgen","2015","46-65","5 Einkommensstärkstes Quintil","","","",""
"Keine Sorgen","2015","66","1 Einkommensschwächstes Quintil","","","",""
"Keine Sorgen","2015","66","2","","","",""
"Keine Sorgen","2015","66","3","","","",""
"Keine Sorgen","2015","66","4","","","",""
"Keine Sorgen","2015","66","5 Einkommensstärkstes Quintil","","","",""
"Grosse Sorgen","2016","17-29","1 Einkommensschwächstes Quintil","","","",""
"Grosse Sorgen","2016","17-29","2","","","",""
"Grosse Sorgen","2016","17-29","3","","","",""
"Grosse Sorgen","2016","17-29","4","","","",""
"Grosse Sorgen","2016","17-29","5 Einkommensstärkstes Quintil","","","",""
"Grosse Sorgen","2016","30-45","1 Einkommensschwächstes Quintil","","","",""
"Grosse Sorgen","2016","30-45","2","","","",""
"Grosse Sorgen","2016","30-45","3","","","",""
"Grosse Sorgen","2016","30-45","4","","","",""
"Grosse Sorgen","2016","30-45","5 Einkommensstärkstes Quintil","","","",""
"Grosse Sorgen","2016","46-65","1 Einkommensschwächstes Quintil","","","",""
"Grosse Sorgen","2016","46-65","2","","","",""
"Grosse Sorgen","2016","46-65","3","","","",""
"Grosse Sorgen","2016","46-65","4","","","",""
"Grosse Sorgen","2016","46-65","5 Einkommensstärkstes Quintil","","","",""
"Grosse Sorgen","2016","66","1 Einkommensschwächstes Quintil","","","",""
"Grosse Sorgen","2016","66","2","","","",""
"Grosse Sorgen","2016","66","3","","","",""
"Grosse Sorgen","2016","66","4","","","",""
"Grosse Sorgen","2016","66","5 Einkommensstärkstes Quintil","","","",""
"Einige Sorgen","2016","17-29","1 Einkommensschwächstes Quintil","","","",""
"Einige Sorgen","2016","17-29","2","","","",""
"Einige Sorgen","2016","17-29","3","","","",""
"Einige Sorgen","2016","17-29","4","","","",""
"Einige Sorgen","2016","17-29","5 Einkommensstärkstes Quintil","","","",""
"Einige Sorgen","2016","30-45","1 Einkommensschwächstes Quintil","","","",""
"Einige Sorgen","2016","30-45","2","","","",""
"Einige Sorgen","2016","30-45","3","","","",""
"Einige Sorgen","2016","30-45","4","","","",""
"Einige Sorgen","2016","30-45","5 Einkommensstärkstes Quintil","","","",""
"Einige Sorgen","2016","46-65","1 Einkommensschwächstes Quintil","","","",""
"Einige Sorgen","2016","46-65","2","","","",""
"Einige Sorgen","2016","46-65","3","","","",""
"Einige Sorgen","2016","46-65","4","","","",""
"Einige Sorgen","2016","46-65","5 Einkommensstärkstes Quintil","","","",""
"Einige Sorgen","2016","66","1 Einkommensschwächstes Quintil","","","",""
"Einige Sorgen","2016","66","2","","","",""
"Einige Sorgen","2016","66","3","","","",""
"Einige Sorgen","2016","66","4","","","",""
"Einige Sorgen","2016","66","5 Einkommensstärkstes Quintil","","","",""
"Keine Sorgen","2016","17-29","1 Einkommensschwächstes Quintil","","","",""
"Keine Sorgen","2016","17-29","2","","","",""
"Keine Sorgen","2016","17-29","3","","","",""
"Keine Sorgen","2016","17-29","4","","","",""
"Keine Sorgen","2016","17-29","5 Einkommensstärkstes Quintil","","","",""
"Keine Sorgen","2016","30-45","1 Einkommensschwächstes Quintil","","","",""
"Keine Sorgen","2016","30-45","2","","","",""
"Keine Sorgen","2016","30-45","3","","","",""
"Keine Sorgen","2016","30-45","4","","","",""
"Keine Sorgen","2016","30-45","5 Einkommensstärkstes Quintil","","","",""
"Keine Sorgen","2016","46-65","1 Einkommensschwächstes Quintil","","","",""
"Keine Sorgen","2016","46-65","2","","","",""
"Keine Sorgen","2016","46-65","3","","","",""
"Keine Sorgen","2016","46-65","4","","","",""
"Keine Sorgen","2016","46-65","5 Einkommensstärkstes Quintil","","","",""
"Keine Sorgen","2016","66","1 Einkommensschwächstes Quintil","","","",""
"Keine Sorgen","2016","66","2","","","",""
"Keine Sorgen","2016","66","3","","","",""
"Keine Sorgen","2016","66","4","","","",""
"Keine Sorgen","2016","66","5 Einkommensstärkstes Quintil","","","",""
"Grosse Sorgen","2017","17-29","1 Einkommensschwächstes Quintil","","","",""
"Grosse Sorgen","2017","17-29","2","","","",""
"Grosse Sorgen","2017","17-29","3","","","",""
"Grosse Sorgen","2017","17-29","4","","","",""
"Grosse Sorgen","2017","17-29","5 Einkommensstärkstes Quintil","","","",""
"Grosse Sorgen","2017","30-45","1 Einkommensschwächstes Quintil","","","",""
"Grosse Sorgen","2017","30-45","2","","","",""
"Grosse Sorgen","2017","30-45","3","","","",""
"Grosse Sorgen","2017","30-45","4","","","",""
"Grosse Sorgen","2017","30-45","5 Einkommensstärkstes Quintil","","","",""
"Grosse Sorgen","2017","46-65","1 Einkommensschwächstes Quintil","","","",""
"Grosse Sorgen","2017","46-65","2","","","",""
"Grosse Sorgen","2017","46-65","3","","","",""
"Grosse Sorgen","2017","46-65","4","","","",""
"Grosse Sorgen","2017","46-65","5 Einkommensstärkstes Quintil","","","",""
"Grosse Sorgen","2017","66","1 Einkommensschwächstes Quintil","","","",""
"Grosse Sorgen","2017","66","2","","","",""
"Grosse Sorgen","2017","66","3","","","",""
"Grosse Sorgen","2017","66","4","","","",""
"Grosse Sorgen","2017","66","5 Einkommensstärkstes Quintil","","","",""
"Einige Sorgen","2017","17-29","1 Einkommensschwächstes Quintil","","","",""
"Einige Sorgen","2017","17-29","2","","","",""
"Einige Sorgen","2017","17-29","3","","","",""
"Einige Sorgen","2017","17-29","4","","","",""
"Einige Sorgen","2017","17-29","5 Einkommensstärkstes Quintil","","","",""
"Einige Sorgen","2017","30-45","1 Einkommensschwächstes Quintil","","","",""
"Einige Sorgen","2017","30-45","2","","","",""
"Einige Sorgen","2017","30-45","3","","","",""
"Einige Sorgen","2017","30-45","4","","","",""
"Einige Sorgen","2017","30-45","5 Einkommensstärkstes Quintil","","","",""
"Einige Sorgen","2017","46-65","1 Einkommensschwächstes Quintil","","","",""
"Einige Sorgen","2017","46-65","2","","","",""
"Einige Sorgen","2017","46-65","3","","","",""
"Einige Sorgen","2017","46-65","4","","","",""
"Einige Sorgen","2017","46-65","5 Einkommensstärkstes Quintil","","","",""
"Einige Sorgen","2017","66","1 Einkommensschwächstes Quintil","","","",""
"Einige Sorgen","2017","66","2","","","",""
"Einige Sorgen","2017","66","3","","","",""
"Einige Sorgen","2017","66","4","","","",""
"Einige Sorgen","2017","66","5 Einkommensstärkstes Quintil","","","",""
"Keine Sorgen","2017","17-29","1 Einkommensschwächstes Quintil","","","",""
"Keine Sorgen","2017","17-29","2","","","",""
"Keine Sorgen","2017","17-29","3","","","",""
"Keine Sorgen","2017","17-29","4","","","",""
"Keine Sorgen","2017","17-29","5 Einkommensstärkstes Quintil","","","",""
"Keine Sorgen","2017","30-45","1 Einkommensschwächstes Quintil","","","",""
"Keine Sorgen","2017","30-45","2","","","",""
"Keine Sorgen","2017","30-45","3","","","",""
"Keine Sorgen","2017","30-45","4","","","",""
"Keine Sorgen","2017","30-45","5 Einkommensstärkstes Quintil","","","",""
"Keine Sorgen","2017","46-65","1 Einkommensschwächstes Quintil","","","",""
"Keine Sorgen","2017","46-65","2","","","",""
"Keine Sorgen","2017","46-65","3","","","",""
"Keine Sorgen","2017","46-65","4","","","",""
"Keine Sorgen","2017","46-65","5 Einkommensstärkstes Quintil","","","",""
"Keine Sorgen","2017","66","1 Einkommensschwächstes Quintil","","","",""
"Keine Sorgen","2017","66","2","","","",""
"Keine Sorgen","2017","66","3","","","",""
"Keine Sorgen","2017","66","4","","","",""
"Keine Sorgen","2017","66","5 Einkommensstärkstes Quintil","","","",""
"Grosse Sorgen","2018","17-29","1 Einkommensschwächstes Quintil","","","",""
"Grosse Sorgen","2018","17-29","2","","","",""
"Grosse Sorgen","2018","17-29","3","","","",""
"Grosse Sorgen","2018","17-29","4","","","",""
"Grosse Sorgen","2018","17-29","5 Einkommensstärkstes Quintil","","","",""
"Grosse Sorgen","2018","30-45","1 Einkommensschwächstes Quintil","","","",""
"Grosse Sorgen","2018","30-45","2","","","",""
"Grosse Sorgen","2018","30-45","3","","","",""
"Grosse Sorgen","2018","30-45","4","","","",""
"Grosse Sorgen","2018","30-45","5 Einkommensstärkstes Quintil","","","",""
"Grosse Sorgen","2018","46-65","1 Einkommensschwächstes Quintil","","","",""
"Grosse Sorgen","2018","46-65","2","","","",""
"Grosse Sorgen","2018","46-65","3","","","",""
"Grosse Sorgen","2018","46-65","4","","","",""
"Grosse Sorgen","2018","46-65","5 Einkommensstärkstes Quintil","","","",""
"Grosse Sorgen","2018","66","1 Einkommensschwächstes Quintil","","","",""
"Grosse Sorgen","2018","66","2","","","",""
"Grosse Sorgen","2018","66","3","","","",""
"Grosse Sorgen","2018","66","4","","","",""
"Grosse Sorgen","2018","66","5 Einkommensstärkstes Quintil","","","",""
"Einige Sorgen","2018","17-29","1 Einkommensschwächstes Quintil","","","",""
"Einige Sorgen","2018","17-29","2","","","",""
"Einige Sorgen","2018","17-29","3","","","",""
"Einige Sorgen","2018","17-29","4","","","",""
"Einige Sorgen","2018","17-29","5 Einkommensstärkstes Quintil","","","",""
"Einige Sorgen","2018","30-45","1 Einkommensschwächstes Quintil","","","",""
"Einige Sorgen","2018","30-45","2","","","",""
"Einige Sorgen","2018","30-45","3","","","",""
"Einige Sorgen","2018","30-45","4","","","",""
"Einige Sorgen","2018","30-45","5 Einkommensstärkstes Quintil","","","",""
"Einige Sorgen","2018","46-65","1 Einkommensschwächstes Quintil","","","",""
"Einige Sorgen","2018","46-65","2","","","",""
"Einige Sorgen","2018","46-65","3","","","",""
"Einige Sorgen","2018","46-65","4","","","",""
"Einige Sorgen","2018","46-65","5 Einkommensstärkstes Quintil","","","",""
"Einige Sorgen","2018","66","1 Einkommensschwächstes Quintil","","","",""
"Einige Sorgen","2018","66","2","","","",""
"Einige Sorgen","2018","66","3","","","",""
"Einige Sorgen","2018","66","4","","","",""
"Einige Sorgen","2018","66","5 Einkommensstärkstes Quintil","","","",""
"Keine Sorgen","2018","17-29","1 Einkommensschwächstes Quintil","","","",""
"Keine Sorgen","2018","17-29","2","","","",""
"Keine Sorgen","2018","17-29","3","","","",""
"Keine Sorgen","2018","17-29","4","","","",""
"Keine Sorgen","2018","17-29","5 Einkommensstärkstes Quintil","","","",""
"Keine Sorgen","2018","30-45","1 Einkommensschwächstes Quintil","","","",""
"Keine Sorgen","2018","30-45","2","","","",""
"Keine Sorgen","2018","30-45","3","","","",""
"Keine Sorgen","2018","30-45","4","","","",""
"Keine Sorgen","2018","30-45","5 Einkommensstärkstes Quintil","","","",""
"Keine Sorgen","2018","46-65","1 Einkommensschwächstes Quintil","","","",""
"Keine Sorgen","2018","46-65","2","","","",""
"Keine Sorgen","2018","46-65","3","","","",""
"Keine Sorgen","2018","46-65","4","","","",""
"Keine Sorgen","2018","46-65","5 Einkommensstärkstes Quintil","","","",""
"Keine Sorgen","2018","66","1 Einkommensschwächstes Quintil","","","",""
"Keine Sorgen","2018","66","2","","","",""
"Keine Sorgen","2018","66","3","","","",""
"Keine Sorgen","2018","66","4","","","",""
"Keine Sorgen","2018","66","5 Einkommensstärkstes Quintil","","","",""
"Grosse Sorgen","2019","17-29","1 Einkommensschwächstes Quintil","76","0.126079484061838","0.100138828500334","0.152020139623342"
"Grosse Sorgen","2019","17-29","2","61","0.122121345616961","0.0951230155643422","0.14911967566958"
"Grosse Sorgen","2019","17-29","3","59","0.0999661058571556","0.0756177503987914","0.12431446131552"
"Grosse Sorgen","2019","17-29","4","89","0.112615588942342","0.0924283095665063","0.132802868318178"
"Grosse Sorgen","2019","17-29","5 Einkommensstärkstes Quintil","103","0.111344818967494","0.0922547462727746","0.130434891662213"
"Grosse Sorgen","2019","30-45","1 Einkommensschwächstes Quintil","107","0.212779212546188","0.177118853786437","0.24843957130594"
"Grosse Sorgen","2019","30-45","2","132","0.200716438786316","0.171378236966113","0.230054640606519"
"Grosse Sorgen","2019","30-45","3","139","0.162679457265304","0.138726292469438","0.186632622061169"
"Grosse Sorgen","2019","30-45","4","219","0.150442687158169","0.13276995471561","0.168115419600728"
"Grosse Sorgen","2019","30-45","5 Einkommensstärkstes Quintil","361","0.126613154438081","0.113546462845793","0.13967984603037"
"Grosse Sorgen","2019","46-65","1 Einkommensschwächstes Quintil","191","0.24271472154683","0.212761844668842","0.272667598424817"
"Grosse Sorgen","2019","46-65","2","241","0.296818111505054","0.268302107273441","0.325334115736666"
"Grosse Sorgen","2019","46-65","3","267","0.261809274694739","0.236747249704151","0.286871299685327"
"Grosse Sorgen","2019","46-65","4","496","0.225003668104127","0.207978447778827","0.242028888429426"
"Grosse Sorgen","2019","46-65","5 Einkommensstärkstes Quintil","1158","0.214782051315225","0.203408134884411","0.226155967746039"
"Grosse Sorgen","2019","66","1 Einkommensschwächstes Quintil","","","",""
"Grosse Sorgen","2019","66","2","","","",""
"Grosse Sorgen","2019","66","3","","","",""
"Grosse Sorgen","2019","66","4","","","",""
"Grosse Sorgen","2019","66","5 Einkommensstärkstes Quintil","","","",""
"Einige Sorgen","2019","17-29","1 Einkommensschwächstes Quintil","268","0.404730249219739","0.366371670464069","0.443088827975409"
"Einige Sorgen","2019","17-29","2","250","0.418501061656172","0.377824277381776","0.459177845930567"
"Einige Sorgen","2019","17-29","3","260","0.416339917126888","0.37632537649097","0.456354457762806"
"Einige Sorgen","2019","17-29","4","440","0.472353471115763","0.440472779237224","0.504234162994303"
"Einige Sorgen","2019","17-29","5 Einkommensstärkstes Quintil","508","0.488936203116835","0.458599415355583","0.519272990878088"
"Einige Sorgen","2019","30-45","1 Einkommensschwächstes Quintil","256","0.529199495411272","0.485708334232939","0.572690656589605"
"Einige Sorgen","2019","30-45","2","382","0.525070398828628","0.488492818983951","0.561647978673305"
"Einige Sorgen","2019","30-45","3","492","0.509432993318555","0.47698832234985","0.541877664287259"
"Einige Sorgen","2019","30-45","4","865","0.54693894673747","0.522331326813573","0.571546566661366"
"Einige Sorgen","2019","30-45","5 Einkommensstärkstes Quintil","1444","0.57596314507115","0.55654436010422","0.595381930038079"
"Einige Sorgen","2019","46-65","1 Einkommensschwächstes Quintil","379","0.488794643603109","0.453870831598582","0.523718455607636"
"Einige Sorgen","2019","46-65","2","501","0.492753327662824","0.461547621141755","0.523959034183893"
"Einige Sorgen","2019","46-65","3","664","0.5511559637859","0.522801310720608","0.579510616851192"
"Einige Sorgen","2019","46-65","4","1288","0.56775040070679","0.547553062276416","0.587947739137163"
"Einige Sorgen","2019","46-65","5 Einkommensstärkstes Quintil","2881","0.596307097399476","0.582718442254667","0.609895752544285"
"Einige Sorgen","2019","66","1 Einkommensschwächstes Quintil","","","",""
"Einige Sorgen","2019","66","2","","","",""
"Einige Sorgen","2019","66","3","","","",""
"Einige Sorgen","2019","66","4","","","",""
"Einige Sorgen","2019","66","5 Einkommensstärkstes Quintil","","","",""
"Keine Sorgen","2019","17-29","1 Einkommensschwächstes Quintil","285","0.469190266718423","0.430190078383916","0.508190455052931"
"Keine Sorgen","2019","17-29","2","254","0.459377592726867","0.418285733473196","0.500469451980539"
"Keine Sorgen","2019","17-29","3","264","0.483693977015956","0.443128858505753","0.52425909552616"
"Keine Sorgen","2019","17-29","4","413","0.415030939941894","0.383565824847184","0.446496055036605"
"Keine Sorgen","2019","17-29","5 Einkommensstärkstes Quintil","432","0.399718977915671","0.369991324599958","0.429446631231383"
"Keine Sorgen","2019","30-45","1 Einkommensschwächstes Quintil","143","0.25802129204254","0.219897479377063","0.296145104708017"
"Keine Sorgen","2019","30-45","2","202","0.274213162385056","0.241536305769075","0.306890019001036"
"Keine Sorgen","2019","30-45","3","281","0.327887549416141","0.297420239862848","0.358354858969434"
"Keine Sorgen","2019","30-45","4","488","0.302618366104361","0.279909015566064","0.325327716642659"
"Keine Sorgen","2019","30-45","5 Einkommensstärkstes Quintil","683","0.297423700490769","0.279461586959921","0.315385814021617"
"Keine Sorgen","2019","46-65","1 Einkommensschwächstes Quintil","217","0.268490634850062","0.237528190358058","0.299453079342065"
"Keine Sorgen","2019","46-65","2","244","0.210428560832122","0.184986183386358","0.235870938277887"
"Keine Sorgen","2019","46-65","3","251","0.187034761519361","0.164804912867867","0.209264610170855"
"Keine Sorgen","2019","46-65","4","527","0.207245931189084","0.190720212159931","0.223771650218237"
"Keine Sorgen","2019","46-65","5 Einkommensstärkstes Quintil","969","0.188910851285299","0.17806961826902","0.199752084301578"
"Keine Sorgen","2019","66","1 Einkommensschwächstes Quintil","","","",""
"Keine Sorgen","2019","66","2","","","",""
"Keine Sorgen","2019","66","3","","","",""
"Keine Sorgen","2019","66","4","","","",""
"Keine Sorgen","2019","66","5 Einkommensstärkstes Quintil","","","",""
